60061297002 5000
60002032002 5000
60002032004 5000
60002032006 5000
60002032008 5000
60002032010 5000
60002032010 1000
60002023025 5000
60001046004 5000
60001046008 5000
40660007002 5000
40660007002 1000
40501005002 5000
40501005002 1000
40501005002 500
40401006002 5000
40401006002 1000
40401006002 500
40401001002 5000
40401001002 1000
40301005002 5000
40301005002 1000
40201001002 5000
40201001002 1000
40201001002 500
40112001002 5000
40112001002 1000
40111001002 5000
40101012002 5000
40101012002 1000
40101012002 500
40101012003 5000
40101012003 1000
40101012003 500
40101012004 5000
40101012004 1000
40101012004 500
40032021001 5000
40032021001 1000
40032019002 5000
40032019002 1000
40032017002 5000
40032017002 1000
40032017002 500
40032015001 5000
40032015001 1000
40032015001 500
40032013002 5000
40032013002 1000
40032013002 500
40032011001 5000
40032011001 1000
40032011001 500
40032009002 5000
40032009002 1000
40032009002 500
40032007001 5000
40032007001 1000
40032007001 500
40032005002 5000
40032005002 1000
40032005002 500
40032003001 5000
40032003001 1000
40032003001 500
40032001002 5000
40032001002 1000
40031007001 5000
40031007001 1000
40031005001 5000
40031005001 1000
40031005001 500
40031003002 5000
40031003002 1000
40031003002 500
40031001002 5000
40031001002 1000
40031001002 500
40024003001 5000
40024003001 1000
40024003001 500
40024001002 5000
40021012002 1000
40021003003 1000
40021003003 500
40021001002 1000
40021001004 500
40021001005 1000
40021001005 500
40020001002 5000
40020001002 1000
40020001002 500
40020001004 5000
40020001004 1000
40020001004 500
40014028002 5000
40014028002 1000
40014028002 500
40014026001 5000
40014026001 1000
40014026001 500
40014024001 5000
40014024001 1000
40014022001 5000
40014022001 1000
40014022001 500
40014006001 1000
40014006001 500
40014004001 1000
40014004001 500
40014002001 5000
40014002001 1000
40014002001 500
40012019001 5000
40012019001 1000
40012019001 500
40010006001 5000
40010006001 1000
40010006001 500
40010004001 5000
40010004001 1000
40010004001 500
40010002001 5000
40010002001 1000
40010002001 500
40001022002 5000
40001022002 1000
40001022002 500
40001019002 1000
40001015003 5000
40001015005 5000
40001015007 5000
30602030002 5000
30602030004 5000
30602006002 5000
30602006002 1000
30602006002 500
30602006004 5000
30602006004 1000
30602006004 500
30602006006 5000
30602006006 1000
30602006006 500
30601032002 5000
30601029002 5000
30601029002 1000
30601007002 5000
30601007002 1000
30601007004 5000
30601007004 1000
30601007004 500
30502014002 5000
30502014002 1000
30502014002 500
30502014004 5000
30502014004 1000
30502008004 5000
30502008004 1000
30502006002 5000
30502006002 1000
30502006002 500
30502006004 5000
30502006004 1000
30502006004 500
30501023002 1000
30501023002 5000
30501023002 500
30501023004 5000
30501023004 1000
30501023004 500
30460020002 5000
30460020002 1000
30460020002 500
30410001002 5000
30410001002 1000
30410001002 500
30402028004 5000
30401019002 5000
30401019002 1000
30401017002 5000
30401015002 500
30401003002 5000
30401003002 1000
30401003002 500
30364004002 5000
30364004002 1000
30364004002 500
30364002002 5000
30364002002 1000
30363005002 500
30363003002 5000
30302006002 5000
30302006002 1000
30302006004 5000
30302006006 5000
30302006006 1000
30301025002 5000
30301025002 1000
30301025002 500
30301017002 5000
30201034002 5000
30201034002 1000
30201034002 500
30160003002 5000
30160003002 1000
30160003002 500
30160001002 5000
30160001002 1000
30160001002 500
30102054002 5000
30102054002 1000
30102054002 500
30102054004 5000
30102054004 1000
30102038002 5000
30102038002 1000
30102038002 500
30102038004 5000
30102038004 1000
30102038004 500
30102038009 5000
30102038009 1000
30102038009 500
30101101002 5000
30101101002 1000
30101049002 5000
30101049002 1000
30101049002 500
30101027002 5000
30101027002 1000
30101025002 5000
30101025002 1000
30101025002 500
30002021002 1000
30002021002 5000
30002021002 500
30002021036 5000
30002021038 5000
30002003002 1000
30002003002 5000
30002003002 500
30002003003 5000
30002003003 1000
30002003003 500
30001130002 5000
30001130002 1000
30001130002 500
30001033002 5000
30001033002 1000
30001033002 500
30001017002 1000
30001017002 5000
30001017002 500
30001015002 5000
30001008002 5000
30001008002 1000
30001008002 500
10610025001 5000
10610025001 1000
10610025001 500
10610015001 1000
10610015001 500
10602005002 5000
10602005002 1000
10602005002 500
10602005004 5000
10602005004 1000
10602005004 500
10602003002 5000
10602003002 1000
10602003002 500
10602003004 5000
10602003004 1000
10602003004 500
10502010001 5000
10502010001 1000
10502010001 500
10502010003 5000
10502010003 1000
10502010003 500
10502006002 5000
10502006002 1000
10502006002 500
10402604001 5000
10402604001 1000
10402604001 500
10402004002 5000
10402004002 1000
10402004002 500
10402004004 5000
10402004004 1000
10402004004 500
10402004006 5000
10402004006 1000
10402004006 500
10402002002 5000
10402002002 1000
10402002002 500
10402002004 5000
10402002004 1000
10402002004 500
10402002006 5000
10402002006 1000
10402002006 500
10311001004 5000
10311001004 1000
10311001004 500
10311001006 5000
10311001006 1000
10311001006 500
10311001008 5000
10311001008 1000
10311001008 500
10202004002 5000
10202004002 1000
10110005001 5000
10110005001 1000
10110005001 500
10110003002 5000
10110003002 1000
10110003002 500
10110001002 5000
10110001002 1000
10110001002 500
10002020001 5000
10002020001 1000
10002018001 5000
10002016001 5000
10002012001 5000
10002012001 1000
10002012001 500
10002008001 5000
