40801003002
40801003002
40801003002
80902312004
80601304002
80601304002
10902305002
10902305002
10902305002
80802344002
80802344002
80802344004
80801326002
80801326002
80802320002
10802311002
10802311002
10802311002
60702061004
10802310002
10802310002
10802310002
10802310004
10802310004
10802310004
30602020001
30602020002
30602020002
30602020004
30602020004
30602020006
30602020008
30602020008
30602020010
30602020010
30602020010
30760001002
30701024002
30701024002
30701024002
10802305002
10802305002
10802305002
10802305004
10802305004
10802305004
80702316002
40702003002
40702003004
40702003006
40702003008
80701320002
90702309002
90702309004
90701311002
90701311002
90701302002
90701302002
90601324002
90601324002
90601324002
90601317002
90601317002
90601310002
90601310002
90601308002
90601308002
90601308002
90501348002
90501348002
90501330002
90501330002
90501330002
90501312002
90501312002
90501306002
90501301001
90501301001
90501301001
90402339002
90402313002
90402313002
90402313004
90402313004
90402313004
90401338002
90401338002
90401338002
90401333002
90401333002
90401333002
90401331002
90401314002
90401314002
90401311004
90401311004
90401311006
90401311006
90401308002
90401308002
90302321002
90301324001
90301324001
90301324001
90301322001
90301322001
90202046002
90202046002
90202046002
90202046004
90202031002
90201036002
90201036002
90201027002
90201027002
90201027002
90201027003
90201027003
90201027003
90201027004
90201027004
90201027004
90201027005
90201027005
90201020002
90201020002
90201020002
90102014002
90102003002
90102003002
90101008002
90101008002
90101008002
90101008004
90101008004
90101008004
90101003002
90101003002
80502335004
80460628002
80401316004
80401316004
80302304004
80302304004
80302304005
80302304005
80302304005
80301311002
80301311002
80301311002
80202027002
80202015002
80202015002
80202015002
80202013003
80202013003
80202013003
80202013005
80202013005
80202013005
80101050002
80002017002
80002017002
80002015004
80002015004
80002013002
8000201300
8000201300
8000201300
8000201300
8000201300
8000201301
8000201301
8000201301
8000201301
8000201301
8000201301
8000201301
8000201301
8000201301
8000101301
8000100200
8000100200
8000100200
8000100200
8000100200
7066000300
7066000300
7066000300
7066000100
7066000100
7066000100
7060100200
7060100200
7060100200
7030100200
7030100200
7030100200
7020100100
7020100100
7000100000
6050201700
6050201701
6046600500
6040200700
6040200700
6040200700
6020102000
6020102000
