40801003002 500
40801003002 5000
40801003002 1000
80902312004 500
80601304002 500
80601304002 1000
10902305002 500
10902305002 5000
10902305002 1000
80802344002 5000
80802344002 1000
80802344004 500
80801326002 500
80801326002 1000
80802320002 1000
10802311002 1000
10802311002 5000
10802311002 500
60702061004 5000
10802310002 1000
10802310002 5000
10802310002 500
10802310004 1000
10802310004 5000
10802310004 500
30602020001 5000
30602020002 5000
30602020002 1000
30602020004 5000
30602020004 1000
30602020006 5000
30602020008 5000
30602020008 1000
30602020010 5000
30602020010 1000
30602020010 500
30760001002 5000
30701024002 5000
30701024002 1000
30701024002 500
10802305002 1000
10802305002 5000
10802305002 500
10802305004 1000
10802305004 5000
10802305004 500
80702316002 5000
40702003002 5000
40702003004 5000
40702003006 5000
40702003008 5000
80701320002 500
90702309002 5000
90702309004 5000
90701311002 5000
90701311002 1000
90701302002 5000
90701302002 500
90601324002 5000
90601324002 1000
90601324002 500
90601317002 1000
90601317002 500
90601310002 5000
90601310002 1000
90601308002 5000
90601308002 1000
90601308002 500
90501348002 1000
90501348002 5000
90501330002 1000
90501330002 5000
90501330002 500
90501312002 1000
90501312002 500
90501306002 5000
90501301001 5000
90501301001 1000
90501301001 500
90402339002 5000
90402313002 1000
90402313002 500
90402313004 5000
90402313004 1000
90402313004 500
90401338002 5000
90401338002 1000
90401338002 500
90401333002 5000
90401333002 1000
90401333002 500
90401331002 500
90401314002 1000
90401314002 500
90401311004 1000
90401311004 500
90401311006 1000
90401311006 500
90401308002 5000
90401308002 1000
90302321002 5000
90301324001 1000
90301324001 5000
90301324001 500
90301322001 1000
90301322001 500
90202046002 5000
90202046002 1000
90202046002 500
90202046004 1000
90202031002 5000
90201036002 5000
90201036002 1000
90201027002 5000
90201027002 1000
90201027002 500
90201027003 5000
90201027003 1000
90201027003 500
90201027004 5000
90201027004 1000
90201027004 500
90201027005 5000
90201027005 1000
90201020002 5000
90201020002 1000
90201020002 500
90102014002 5000
90102003002 5000
90102003002 1000
90101008002 1000
90101008002 5000
90101008002 500
90101008004 1000
90101008004 5000
90101008004 500
90101003002 1000
90101003002 500
80502335004 500
80460628002 5000
80401316004 1000
80401316004 500
80302304004 5000
80302304004 1000
80302304005 5000
80302304005 1000
80302304005 500
80301311002 5000
80301311002 1000
80301311002 500
80202027002 5000
80202015002 5000
80202015002 1000
80202015002 500
80202013003 5000
80202013003 1000
80202013003 500
80202013005 5000
80202013005 1000
80202013005 500
80101050002 5000
80002017002 1000
80002017002 500
80002015004 1000
80002015004 500
80002013002 5000
80002013004 1000
80002013004 5000
80002013006 5000
80002013008 1000
80002013008 5000
80002013010 5000
80002013010 1000
80002013012 5000
80002013012 1000
80002013012 500
80002013014 1000
80002013016 5000
80002013016 1000
80002013016 500
80001013010 5000
80001002002 5000
80001002002 1000
80001002002 500
80001002004 5000
80001002004 1000
70660003002 5000
70660003002 1000
70660003004 5000
70660001002 5000
70660001002 1000
70660001002 500
70601002002 5000
70601002002 1000
70601002002 500
70301002002 5000
70301002002 1000
70301002002 500
70201001002 5000
70201001002 1000
70001000002 5000
60502017008 5000
60502017012 5000
60466005002 5000
60402007002 5000
60402007004 5000
60402007004 1000
60201020002 1000
60201020002 5000
