| INDEX|COUNTS|     XPIX|     YPIX|VIGCOR|          RA|          DEC|   ERR|  HBOX|     PROB|   SNR|            TSTART|             TSTOP|COUNTSERR|      SEQID|   BOUND|               SEP|      SRCRA|      SRCDEC|                  PVAL|         NETCOUNTS|ACOUNTS|BCOUNTS|
|double|double|   double|   double|double|        char|         char|double|double|   double|double|            double|            double|   double|       char|    char|            double|     double|      double|                double|            double|   long|   long|
|      |      |         |         |      |            |             |      |      |         |      |                  |                  |         |           |        |                  |           |            |                      |                ct|       |       |
|  null|  null|     null|     null|  null|        null|         null|  null|  null|     null|  null|              null|              null|     null|       null|    null|              null|       null|        null|                  null|              null|   null|   null|
    6.0 0.0502     407.0 494.47058    1.0 20 32 35.613 +40 55 09.308   -1.0   16.0 1.769e-13  4.604  403400864.0145432  403401864.0145432     0.011 90802323002  34-1934  177.8307774692914  308.107416     40.95775  0.0005039188477375411 115.16380437899014    null    null 
    1.0 0.0347   498.125    494.75    1.0 18 29 19.314 -23 50 26.254   -1.0   16.0 7.228e-10  3.758  400698504.2578548  400699004.2578548    0.0092 30801022002  34-1934  199.1771831937081    277.3675    -23.79689 1.9888296567896283e-09 121.79964424688771    null    null 
   61.0 0.0185 587.18182 565.27271    1.0 20 02 56.839 +36 38 49.216   -1.0   14.0 3.405e-05  3.168 390544864.06481445 390545864.06481445    0.0058 10802310002  34-1934 224.94208054969775   300.79033     36.60161 2.7869216893662315e-05   94.4815959599529    1294    1054 
  109.0 0.0352 572.17859 564.82141    1.0 20 02 59.904 +36 38 48.133   -1.0   14.0 3.005e-11  4.787 390550864.06481445 390551864.06481445    0.0073 10802310002  34-1934 200.49728043448334   300.79033     36.60161 0.00016767518705115278 114.54722994531117    1494    1641 
  153.0 0.0261 636.29034 566.48389    1.0 20 02 46.809 +36 38 52.075   -1.0   14.0  3.07e-06  3.652 390555864.06481445 390556864.06481445    0.0071 10802310002  34-1934  321.6424257303923   300.79033     36.60161  0.0009092402493564175 106.21010382402366    1002    1418 
    9.0 0.0133     386.0 562.40002    1.0 18 58 58.518 +03 26 48.345   -1.0   16.0 2.851e-08  3.328  310531841.5607823  310532841.5607823     0.004 90501348002  34-1934 234.59394668723465     284.679        3.439 0.00022519337324975044 26.586656628942656   11410    9690 
   11.0 0.0211     411.0  520.0625    1.0 18 58 54.413 +03 25 04.280   -1.0   16.0 1.998e-10  4.063  310547841.5607823  310548841.5607823    0.0052 90501348002  34-1934 187.61063017476104     284.679        3.439 2.4463316306891915e-08  83.46423769720025   16777   15325 
  125.0 0.0898     477.5 558.35999    1.0 17 45 44.342 -29 00 13.290   -1.0   16.0       0.0  8.678  300186464.4284017  300187464.4284017      0.01 90501330002  34-1934  58.38535434079001  266.416817   -29.007825 0.00045132210605511194 156.23590561666902    1751    2606 
   74.0 0.0421 511.93332 408.73334    1.0 19 55 38.133 +32 04 18.987   -1.0   16.0       0.0   5.95 297347352.00754017 297348352.00754017    0.0071 90501328002  34-1934 104.56055478598223    298.9264      32.0969 1.2257564226661577e-21  143.9519172072263    8962    8443 
  140.0 0.0307 571.73334 698.93335    1.0 19 55 26.538 +32 16 12.283   -1.0   18.0       0.0  5.262 297340352.00754017 297341352.00754017    0.0058 90501328002   34-159  654.8937688203799    298.9264      32.0969  0.0008524313505878917  44.45878435425922     445      12 
   60.0 0.0329 577.27271 564.90906    1.0 16 59 05.516 -37 05 34.090   -1.0   14.0 1.376e-07  3.948 246740073.26150826 246741073.26150826    0.0083 90301324001  34-1934   343.714926378694    254.8874    -37.12088  8.571996040489729e-05   4.18029620773062     252    2895 
   69.0 0.0378 545.22223 635.33331    1.0 16 59 12.106 -37 02 41.023   -1.0   14.0  1.11e-08  4.265 246740073.26150826 246741073.26150826    0.0089 90301324001  34-1934  370.8500854218008    254.8874    -37.12088   0.000802905990434182   96.3681761720782     159    2882 
  118.0 0.0213 574.47998 622.03998    1.0 16 59 06.097 -37 03 13.661   -1.0   14.0 4.987e-05  3.204 246752073.26150826 246753073.26150826    0.0066 90301324001  34-1934  402.2175569452471    254.8874    -37.12088 4.5688669763432724e-07  4.411658108941386     152    2520 
  178.0 0.0166 570.41663 525.58337    1.0 16 59 06.919 -37 07 10.768   -1.0   14.0 2.249e-05  3.142 246771073.26150826 246772073.26150826    0.0053 90301324001  34-1934  311.7137462928784    254.8874    -37.12088   0.000600496099752382  3.002842386270905     311    1777 
  205.0 0.0216 575.14282 544.38098    1.0 16 59 05.950 -37 06 24.554   -1.0   14.0  8.92e-06  3.413 246783073.26150826 246784073.26150826    0.0063 90301324001  34-1934   327.235442296293    254.8874    -37.12088  0.0008910487584323191 10.085474769837777     321    2904 
  228.0 0.0191  577.3125   536.625    1.0 16 59 05.503 -37 06 43.615   -1.0   14.0 9.141e-06  3.327 246787073.26150826 246788073.26150826    0.0057 90301324001  34-1934 330.14509584278426    254.8874    -37.12088  0.0006386179594451299                0.0     275    1986 
  276.0 0.0191 576.07141     576.0    1.0 16 59 05.764 -37 05 06.830   -1.0   14.0 3.722e-05  3.106 246736573.26150826 246737573.26150826    0.0062 90301324001  34-1934  349.9471767843925    254.8874    -37.12088  0.0003577226306396284                1.0     154    2104 
  279.0 0.0315 580.16663   531.875    1.0 16 59 04.916 -37 06 55.287   -1.0   14.0 1.023e-09  4.459 246740573.26150826 246741573.26150826    0.0071 90301324001  34-1934 336.23673245836454    254.8874    -37.12088  2.680534334562675e-05 4.9532616114075925     331    3051 
  300.0 0.0216 578.38708 598.87097    1.0 16 59 05.292 -37 04 10.607   -1.0   14.0 1.348e-05  3.368 246746573.26150826 246747573.26150826    0.0064 90301324001  34-1934 379.18930663003675    254.8874    -37.12088  0.0004588919691109391  6.589818890773409     194    2481 
  318.0 0.0258 416.42856 471.28571    1.0 16 59 38.575 -37 09 24.213   -1.0   14.0 1.006e-05  3.513 246763573.26150826 246764573.26150826    0.0073 90301324001  34-1934 145.38153277158148    254.8874    -37.12088 1.5156827085453767e-06 204.33327849586522    7045    9910 
  344.0 0.0206 550.13635     636.0    1.0 16 59 11.097 -37 02 39.380   -1.0   14.0 2.652e-05  3.264 246782573.26150826 246783573.26150826    0.0063 90301324001  34-1934  380.2774322362331    254.8874    -37.12088  0.0006014393425566795  81.81780811106947     121    2338 
  347.0 0.0369 428.88889 474.33334    1.0 16 59 36.012 -37 09 16.744   -1.0   16.0 4.385e-08  4.322 246787573.26150826 246788573.26150826    0.0085 90301324001  34-1934 126.88913142148913    254.8874    -37.12088  5.084069856950009e-07  315.3655084593253    7489    9930 
  407.0 0.0151 567.92859 522.28571    1.0 16 59 07.430 -37 07 18.878   -1.0   14.0 3.946e-05  3.022 246771073.26150826 246772073.26150826     0.005 90301324001   34-159  305.5892635372742    254.8874    -37.12088  0.0006386179594451299                0.0     104    1307 
  501.0 0.0158 577.27271 561.09094    1.0 16 59 05.515 -37 05 43.476   -1.0   14.0 2.028e-06    3.3 246800573.26150826 246801573.26150826    0.0048 90301324001   34-159 341.07927698432803    254.8874    -37.12088  0.0002913030692571581 0.9908083950145214      75    1270 
  361.0 0.0499     450.5 529.58337    1.0 17 28 19.806 -14 15 55.221   -1.0   18.0       0.0  5.746 175225037.82624784 175226037.82624784    0.0087 90101008002  34-1934 0.6405614751979393  262.082483   -14.265519  3.337370908976882e-05  38.54181358556684     148     137 
  385.0 0.0257 562.36841  317.1579    1.0 17 28 00.884 -14 24 37.379   -1.0   18.0 3.331e-16  4.696 175237037.82624784 175238037.82624784    0.0055 90101008002  34-1934  589.5293328099987  262.082483   -14.265519  0.0006820516161507878 43.629033480985754     269     274 
  504.0 0.0402 447.10001 390.20001    1.0 17 28 20.385 -14 21 37.838   -1.0   18.0 5.098e-13  3.906 175187537.82624784 175188537.82624784      0.01 90101008002  34-1934  342.0945900504043  262.082483   -14.265519  0.0005587088576447647   32.6654844485954     265     282 
  507.0 0.0454     452.0 530.29999    1.0 17 28 19.553 -14 15 53.460   -1.0   18.0       0.0  5.253 175196537.82624784 175197537.82624784    0.0086 90101008002  34-1934 4.2849478464250526  262.082483   -14.265519  0.0004588919691109374  25.23305984885026      64     106 
 1029.0 0.0182     452.0 532.07141    1.0 17 28 19.553 -14 15 49.105   -1.0   21.0       0.0   4.17 175248537.82624784 175249537.82624784    0.0044 90101008002  159-559  7.625173847482915  262.082483   -14.265519   0.000600496099752382               18.0      45      57 
    3.0  0.425 505.76471 481.07843    1.0 15 35 00.589 -57 14 59.500   -1.0   16.0       0.0  5.955 244179903.00198677 244180903.00198677     0.071 80402302006  34-1934 171.01798124043745   233.83222    -57.23004  0.0009528521994688507  82.76397775053508   12322   11194 
    9.0  0.152     488.0 433.53333    1.0 15 35 05.974 -57 16 56.368   -1.0   16.0 2.884e-05  3.079 244179903.00198677 244180903.00198677      0.05 80402302006  34-1934 218.85977104378946   233.83222    -57.23004  3.044109002803542e-11 140.26091806158524    2588    2466 
  613.0 0.0406     533.5     474.5    1.0 17 28 19.692 -14 15 48.427   -1.0   23.0       0.0  6.262  228158832.4893978  228159832.4893978    0.0065 60201020002   34-159  7.736769815361248    262.0825    -14.26556  0.0004393425483435854  27.30351843450622    null    null 
    5.0 0.0157 664.66669 483.83334    1.0 13 06 27.295 -40 26 08.832   -1.0   18.0 6.028e-11  3.699  208606484.7122537  208607484.7122537    0.0042 60161526002  34-1934   521.596446073249    196.8004     -40.4076  0.0006410723865440818  40.32461454840517    null    null 
   21.0 0.0146 665.71429 492.85715    1.0 13 06 27.072 -40 25 46.646   -1.0   18.0 4.552e-15  3.583  208600984.7122537  208601984.7122537    0.0041 60161526002   34-159  520.2779657227868    196.8004     -40.4076  5.895819966689295e-05  33.57795553922151    null    null 
    6.0 0.0436 319.14285     516.0    1.0 18 03 21.775 -14 52 42.531   -1.0   21.0       0.0  6.331 199793346.35401693 199794346.35401693    0.0069 60160680002  34-1934  517.0001215439928     270.697      -14.915  4.080514446150402e-05  55.84987380161877    null    null 
    9.0 0.0573 328.25714 523.40002    1.0 18 03 20.229 -14 52 24.354   -1.0   21.0       0.0  7.335 199799346.35401693 199800346.35401693    0.0078 60160680002  34-1934    500.49449986543     270.697      -14.915  5.893050154978746e-05  62.28953857154497    null    null 
   16.0 0.0251 340.93335 553.93335    1.0 18 03 18.077 -14 51 09.316   -1.0   18.0  1.11e-16  4.749 199805346.35401693 199806346.35401693    0.0053 60160680002  34-1934 499.77485562242856     270.697      -14.915 0.00012707834250116562  44.25564379902941    null    null 
   18.0 0.0301 317.20001    499.25    1.0 18 03 22.106 -14 53 23.702   -1.0   18.0       0.0  5.245 199805346.35401693 199806346.35401693    0.0057 60160680002  34-1934  512.8041795659883     270.697      -14.915  0.0005191178596573877     50.74262048103    null    null 
   36.0 0.0779 325.53845 519.48718    1.0 18 03 20.690 -14 52 33.968   -1.0   21.0       0.0  8.601 199811346.35401693 199812346.35401693    0.0091 60160680002  34-1934  504.1183129996757     270.697      -14.915 2.6071464551804308e-06   86.4068328942379    null    null 
   37.0 0.0859 293.41113 480.33334    1.0 18 03 26.142 -14 54 10.165   -1.0   21.0       0.0  9.053 199811346.35401693 199812346.35401693    0.0095 60160680002  34-1934  564.9833807309286     270.697      -14.915  3.042245096214611e-05  98.32831750826412    null    null 
   38.0 0.0617 288.34616     468.0    1.0 18 03 27.002 -14 54 40.473   -1.0   18.0       0.0  7.659 199811346.35401693 199812346.35401693    0.0081 60160680002  34-1934  575.8947617456695     270.697      -14.915 0.00015658087198256148  87.81739127594466    null    null 
   42.0 0.0311    345.25 572.79163    1.0 18 03 17.343 -14 50 22.966   -1.0   18.0       0.0  5.333 199817346.35401693 199818346.35401693    0.0058 60160680002  34-1934  513.1993148342099     270.697      -14.915  7.305837111040722e-05  47.87252259368344    null    null 
   43.0 0.0613 307.21213 496.66666    1.0 18 03 23.800 -14 53 30.037   -1.0   21.0       0.0  7.542 199818346.35401693 199819346.35401693    0.0081 60160680002  34-1934  535.9626223473231     270.697      -14.915   0.000715089413292103  55.98570063419738    null    null 
   68.0 0.0319  321.2381 523.38098    1.0 18 03 21.419 -14 52 24.391   -1.0   18.0       0.0  5.556 199800346.35401693 199801346.35401693    0.0057 60160680002   34-159  516.9708685498804     270.697      -14.915 0.00046844005319131754  44.00113258799779    null    null 
   79.0  0.054 293.80554 480.58334    1.0 18 03 26.075 -14 54 09.551   -1.0   26.0       0.0  7.219 199805346.35401693 199806346.35401693    0.0075 60160680002   34-159   564.063395117498     270.697      -14.915  0.0002120260020948253 46.781238080670974    null    null 
   87.0 0.0745 324.64935 522.35065    1.0 18 03 20.840 -14 52 26.928   -1.0   26.0       0.0  8.491 199811346.35401693 199812346.35401693    0.0088 60160680002   34-159 508.20185828934376     270.697      -14.915  2.043411542890906e-05   60.8867840892308    null    null 
   92.0 0.0454 325.86206 513.27588    1.0 18 03 20.636 -14 52 49.237   -1.0   26.0       0.0  6.564 199822346.35401693 199823346.35401693    0.0069 60160680002   34-159  499.3301145768713     270.697      -14.915  0.0006410723865440818  40.60135014605197    null    null 
   96.0 0.0372 305.37036 498.77777    1.0 18 03 24.112 -14 53 24.845   -1.0   26.0       0.0  5.962 199828346.35401693 199829346.35401693    0.0062 60160680002   34-159  541.2623614901942     270.697      -14.915  0.0009548944383031148  39.78833629967657    null    null 
  101.0 0.0764  320.6087 522.32605    1.0 18 03 21.525 -14 52 26.983   -1.0   26.0       0.0  8.596 199811846.35401693 199812846.35401693    0.0089 60160680002   34-159  517.6991746188563     270.697      -14.915 1.5211874126261284e-05  64.12668262775482    null    null 
    1.0 0.0229    506.25  629.5625    1.0 11 32 59.570 +10 23 44.969   -1.0   18.0       0.0  4.571  344759313.5294162  344760313.5294162     0.005 60061212002  34-1934  388.1716378667191  173.205795      10.2964   6.96016894564273e-05 29.045542461248125    null    null 
   23.0 0.0345 570.72729 420.59091    1.0 12 10 25.285 +39 23 17.956   -1.0   18.0       0.0   5.59 316368300.33229923 316369300.33229923    0.0062 60502017008  34-1934  105.5311190951339   182.63575     39.40586  7.032590787702273e-07  64.93956258408116    null    null 
    7.0 0.0291 542.33337 484.55554    1.0 12 10 25.517 +39 25 46.946   -1.0   18.0 8.886e-10  3.651 317166577.01475585 317167577.01475585     0.008 60502017010  34-1934 118.62227249713676   182.63575     39.40586 1.4048410922303905e-07  37.08130138143993    null    null 
   12.0 0.0226    406.25 483.29999    1.0 10 31 36.680 -42 05 59.682   -1.0   26.0       0.0  4.619 265150616.34824762 265151616.34824762    0.0049 60468002002  159-559 206.87843587950496   157.84633    -42.06061   0.000600496099752382    18.112018897847    null    null 
   50.0 0.0148 431.72726 389.63635    1.0 17 28 26.658 -14 21 50.377   -1.0   16.0 1.118e-08   3.48  275120781.5103787  275121781.5103787    0.0042 60402007002  34-1934  368.2277540714493    262.0825    -14.26553  0.0008910487584323191 31.255115620887423    null    null 
  358.0 0.0159 338.60001 382.10001    1.0 17 28 42.412 -14 22 08.821   -1.0   18.0 1.226e-09  3.636  275208781.5103787  275209781.5103787    0.0044 60402007002   34-159  497.0605154078609    262.0825    -14.26553  0.0007582606613450652 24.598115814767517    null    null 
    1.0  0.114 549.64478 618.60529    1.0 15 06 44.224 +03 51 49.473   -1.0   26.0       0.0  10.48  254105286.8294347  254106286.8294347     0.011 60301023002  34-1934 333.98636289907785   226.69042      3.77117  0.0004184767837882449 49.316976814376034    null    null 
    7.0 0.0122 567.22223 627.11108    1.0 15 06 41.337 +03 52 10.379   -1.0   16.0 3.243e-07  3.143  254145286.8294347  254146286.8294347    0.0039 60301023002  34-1934 360.13446965576964   226.69042      3.77117 2.1392751622134644e-13  94.18633278962687    null    null 
    8.0  0.021   535.625     605.0    1.0 15 06 46.527 +03 51 16.031   -1.0   18.0 3.286e-14   4.28  254146286.8294347  254147286.8294347    0.0049 60301023002  34-1934  300.0647737340298   226.69042      3.77117 0.00011888493425001427  57.23639422281532    null    null 
    9.0 0.0196  563.9231 623.84613    1.0 15 06 41.879 +03 52 02.354   -1.0   16.0 2.096e-12  4.093  254151286.8294347  254152286.8294347    0.0048 60301023002  34-1934 350.83164915361004   226.69042      3.77117 1.7711592147147778e-06  71.31772787732444    null    null 
   11.0 0.0182  550.9375  627.9375    1.0 15 06 44.012 +03 52 12.412   -1.0   18.0 2.846e-12  3.977  254164286.8294347  254165286.8294347    0.0046 60301023002  34-1934  357.0889525803124   226.69042      3.77117  3.676137514492323e-05 52.477022156446736    null    null 
    9.0 0.0141    317.25 531.66663    1.0 13 07 12.435 -40 24 12.610   -1.0   23.0 4.141e-14  3.649 228686788.60356444 228687788.60356444    0.0039 60202021010   34-159  530.2001732985615   196.60892     -40.4145  2.049220744060287e-05   18.9229965839534    null    null 
    1.0   1.54 466.04871  568.1261    1.0 14 13 09.162 -65 20 18.650   -1.0   82.0       0.0  35.98   97736731.4629069   97737731.4629069     0.043 30002038006  34-1934 270.85158575286056 213.1633333  -65.3928611  1.484363240924791e-10 232.11856713671352     961     963 
    5.0 0.0361 456.89191 592.24329    1.0 14 13 12.748 -65 19 19.345   -1.0   18.0       0.0  5.728   97742731.4629069   97743731.4629069    0.0063 30002038006  34-1934 330.17067447301014 213.1633333  -65.3928611 1.4285399768629364e-25  330.1423112681813    1083    1026 
    7.0 0.0559 475.29413 588.64709    1.0 14 13 05.526 -65 19 28.225   -1.0   18.0 3.331e-16  4.976   97747731.4629069   97748731.4629069     0.011 30002038006  34-1934 296.05616525767886 213.1633333  -65.3928611  4.662611799435532e-05 105.09408794126693     525     492 
    8.0 0.0156 475.22223 598.66663    1.0 14 13 05.552 -65 19 03.596   -1.0   18.0 4.917e-09   3.57   97748731.4629069   97749731.4629069    0.0044 30002038006  34-1934  316.9186939127405 213.1633333  -65.3928611  6.496197398201726e-05 180.67122769071392    1142    1022 
    9.0 0.0164 442.33334     588.0    1.0 14 13 18.465 -65 19 29.728   -1.0   16.0 6.571e-11  3.755   97748731.4629069   97749731.4629069    0.0044 30002038006  34-1934  346.5553596965572 213.1633333  -65.3928611 3.3272730911676184e-05  67.30121376823116    1128    1026 
   14.0 0.0128 461.55554     607.0    1.0 14 13 10.912 -65 18 43.083   -1.0   18.0 3.404e-07   3.19   97760731.4629069   97761731.4629069     0.004 30002038006  34-1934  352.3444193833026 213.1633333  -65.3928611  2.603157576457742e-06 53.577476276590346    1117    1100 
   15.0 0.0148 443.85715 595.71429    1.0 14 13 17.862 -65 19 10.771   -1.0   18.0 1.141e-08  3.479   97760731.4629069   97761731.4629069    0.0042 30002038006  34-1934   357.640306632671 213.1633333  -65.3928611 5.3355581551087244e-06  47.16626005211321    1120    1094 
   26.0 0.0213 448.52942 592.58826    1.0 14 13 16.030 -65 19 18.471   -1.0   18.0 8.973e-11  4.104   97785731.4629069   97786731.4629069    0.0052 30002038006  34-1934  344.2289488133094 213.1633333  -65.3928611   0.000424464846121177 26.736793743201556    1082    1084 
   31.0 0.0707 483.32001     578.0    1.0 14 13 02.378 -65 19 54.407   -1.0   18.0       0.0  6.555   97800731.4629069   97801731.4629069     0.011 30002038006  34-1934    263.34290150771 213.1633333  -65.3928611 1.0925098515313797e-10 162.22656778158978     737     408 
   41.0  0.486 466.67273 568.31818    1.0 14 13 08.917 -65 20 18.179   -1.0   48.0       0.0  20.25   97736731.4629069   97737731.4629069     0.024 30002038006   34-159  270.1366009256614 213.1633333  -65.3928611  9.021660610227322e-06  96.98436446284259     368     348 
   42.0  0.447 465.87921 569.67151    1.0 14 13 09.228 -65 20 14.851   -1.0   45.0       0.0  16.56   97738731.4629069   97739731.4629069     0.027 30002038006   34-159   273.893604007721 213.1633333  -65.3928611  1.276164561989175e-09  95.87711702925081     252     230 
   47.0  0.023  464.3125   585.875    1.0 14 13 09.838 -65 19 35.017   -1.0   18.0       0.0  4.599   97754731.4629069   97755731.4629069     0.005 30002038006   34-159 306.52212851201693 213.1633333  -65.3928611 1.8940226139889563e-11 131.09356513027518     377     385 
   50.0  0.014 449.45456 588.09094    1.0 14 13 15.669 -65 19 29.529   -1.0   18.0 5.624e-10  3.494   97766731.4629069   97767731.4629069     0.004 30002038006   34-159 334.53997852126747 213.1633333  -65.3928611   8.81945202710725e-05 10.590384964667194     403     338 
   63.0 0.0119     488.0    580.25    1.0 14 13 00.540 -65 19 48.881   -1.0   18.0 5.219e-08  3.181   97801231.4629069   97802231.4629069    0.0037 30002038006   34-159 261.93978342405336 213.1633333  -65.3928611  1.185498421402604e-06 108.67448123037525     444     362 
   65.0  0.618 466.24518 568.14661    1.0 14 13 09.085 -65 20 18.600   -1.0   58.0       0.0  22.84   97736731.4629069   97737731.4629069     0.027 30002038006  159-559  270.5550774618387 213.1633333  -65.3928611  4.153227644313739e-05 104.07108252678714     391     421 
   70.0  0.043 473.86667 586.59998    1.0 14 13 06.087 -65 19 33.254   -1.0   18.0  1.11e-16  4.465   97747731.4629069   97748731.4629069    0.0096 30002038006  159-559 293.88002628636724 213.1633333  -65.3928611  4.448811158383719e-08  78.82926045643043     224     194 
   73.0 0.0148 474.81818 594.63635    1.0 14 13 05.711 -65 19 13.502   -1.0   18.0 2.018e-10  3.595   97754731.4629069   97755731.4629069    0.0041 30002038006  159-559 309.02811003509186 213.1633333  -65.3928611  3.217805153676682e-12 147.70881235390996     463     408 
   77.0 0.0128   450.375   595.375    1.0 14 13 15.304 -65 19 11.627   -1.0   18.0 3.673e-11  3.428   97772731.4629069   97773731.4629069    0.0037 30002038006  159-559  346.3738589526069 213.1633333  -65.3928611  0.0003551383557870248    10.256448005765     510     461 
   92.0  0.012    477.25   585.875    1.0 14 13 04.759 -65 19 35.042   -1.0   18.0 2.613e-08  3.212   97771731.4629069   97772731.4629069    0.0037 30002038006 559-1934 287.71981656817917 213.1633333  -65.3928611  4.037832719444225e-09  72.19646772701911     219     234 
  185.0 0.0287 594.84619 545.46155    1.0 16 40 02.697 -46 32 44.022   -1.0   16.0 3.331e-16  4.997 118193119.94970486 118194119.94970486    0.0057 30002021002  34-1934  426.7958485131589  250.181333   -46.526528  0.0007466422170495787  52.46365220142865     398     823 
   10.0 0.0209 525.14282     407.5    1.0 16 40 29.569 -46 36 57.234   -1.0   18.0  2.83e-12  4.177  148131575.0018609  148132575.0018609     0.005 30002021027  34-1934 352.45624932498384  250.181333   -46.526528 0.00035388587792054596 51.882872631993095     364     531 
   21.0 0.0223 507.11111 398.66666    1.0 16 40 33.871 -46 37 18.956   -1.0   18.0 5.418e-14  4.365  148137575.0018609  148138575.0018609    0.0051 30002021027  34-1934 357.59784711548605  250.181333   -46.526528  0.0007506579451211483  38.64448219859699     342     400 
    1.0 0.0196 636.46667 373.33334    1.0 13 02 01.614 -63 57 33.035   -1.0   16.0 2.621e-12  4.085  136894187.9808583  136895187.9808583    0.0048 30002017004  34-1934  538.3336360197341 195.6985625 -63.83574167 1.0261083455821978e-10 140.13816207041975     306     530 
    8.0 0.0127 624.14288 362.42856    1.0 13 02 06.202 -63 57 59.936   -1.0   16.0 1.886e-08   3.29  136907187.9808583  136908187.9808583    0.0039 30002017004  34-1934  544.9113466234493 195.6985625 -63.83574167 3.5567638092647173e-09 108.97407908005584     232     401 
   10.0 0.0159 629.88892 365.22223    1.0 13 02 04.060 -63 57 53.025   -1.0   16.0 2.526e-10  3.587  136914187.9808583  136915187.9808583    0.0044 30002017004  34-1934  546.2612696232322 195.6985625 -63.83574167 5.1906629076001924e-14 130.61506239586237     258     389 
   11.0 0.0149 637.11108 373.77777    1.0 13 02 01.374 -63 57 31.937   -1.0   16.0 7.433e-08  3.028  136917187.9808583  136918187.9808583    0.0049 30002017004  34-1934  538.3258057083833 195.6985625 -63.83574167  3.583135323449721e-05  68.05655448458128     167     265 
   15.0 0.0134 627.09088 375.36365    1.0 13 02 05.117 -63 57 28.118   -1.0   16.0 2.879e-07  3.247  136919187.9808583  136920187.9808583    0.0041 30002017004  34-1934  521.4834248297034 195.6985625 -63.83574167  1.704610050922083e-05  107.3681441128488     334     527 
   19.0 0.0317   626.875   363.125    1.0 13 02 05.183 -63 57 58.203   -1.0   18.0 9.014e-09  3.184  136932187.9808583  136933187.9808583      0.01 30002017004  34-1934  546.8304932512438 195.6985625 -63.83574167  2.456273451577426e-06  49.88753593005194      95     151 
   29.0 0.0172   624.625   357.875    1.0 13 02 06.017 -63 58 11.125   -1.0   18.0 9.359e-14  3.949  136901187.9808583  136902187.9808583    0.0044 30002017004   34-159  555.2121427579997 195.6985625 -63.83574167 1.2094839037046745e-08  95.31910301244926     156     270 
    8.0 0.0164 614.38464 375.61539    1.0 13 02 03.283 -63 57 29.751   -1.0   18.0 2.849e-09  3.491 139437329.42539063 139438329.42539063    0.0047 30002017008  34-1934  529.4572361407321 195.6985625 -63.83574167  3.978734247470414e-06  69.81507863184747     176     310 
    9.0 0.0164 599.61536 362.53845    1.0 13 02 08.784 -63 58 01.989   -1.0   18.0 2.849e-09  3.491 139437329.42539063 139438329.42539063    0.0047 30002017008  34-1934  538.3626914127382 195.6985625 -63.83574167 0.00031878066804834934 56.961316860345434     185     300 
    2.0 0.0766 613.67859 349.96429    1.0 13 01 59.783 -63 58 16.608   -1.0   18.0       0.0  4.817 140475160.26164606 140476160.26164606     0.016 30002017010  34-1934  581.2686036427431 195.6985625 -63.83574167  4.106934699054034e-05 30.061648801508547      50      98 
    3.0 0.0206 594.55554 347.88889    1.0 13 02 06.922 -63 58 21.829   -1.0   16.0 4.144e-13    4.2 140477160.26164606 140478160.26164606    0.0049 30002017010  34-1934  561.6491267435664 195.6985625 -63.83574167 4.7087933903461104e-08  67.66412089481027     202     235 
    5.0 0.0428 606.58337    344.25    1.0 13 02 02.427 -63 58 30.701   -1.0   16.0       0.0  5.452 140486160.26164606 140487160.26164606    0.0079 30002017010  34-1934  584.0328759938095 195.6985625 -63.83574167 1.6561438134357775e-08  73.19399838881935     152     242 
   18.0  0.186  619.5647 354.82355    1.0 13 01 57.590 -63 58 04.623   -1.0   38.0       0.0  10.51 140466160.26164606 140467160.26164606     0.018 30002017010   34-159  579.3837278712759 195.6985625 -63.83574167 6.0942505405629105e-05 54.156870332773714     131     122 
   22.0 0.0179 602.33337 348.20001    1.0 13 02 04.018 -63 58 21.018   -1.0   18.0 2.303e-13  3.992 140510160.26164606 140511160.26164606    0.0045 30002017010   34-159  570.3671616307855 195.6985625 -63.83574167  0.0007721690163758557   33.6941848258453      88     131 
   23.0 0.0414    614.25   350.875    1.0 13 01 59.570 -63 58 14.366   -1.0   18.0       0.0  5.099 140515160.26164606 140516160.26164606    0.0081 30002017010   34-159  580.1572891689431 195.6985625 -63.83574167  0.0005088483883044985 34.847324308318676     129     179 
   30.0 0.0531 615.86957  351.6087    1.0 13 01 58.966 -63 58 12.551   -1.0   33.0       0.0  7.094 140498160.26164606 140499160.26164606    0.0075 30002017010  159-559  580.8353009541937 195.6985625 -63.83574167  4.829563461508841e-06  40.61759242475249      64     109 
