| INDEX|COUNTS|     XPIX|     YPIX|VIGCOR|          RA|          DEC|   ERR|  HBOX|     PROB|   SNR|            TSTART|             TSTOP|COUNTSERR|      SEQID|  BOUND|               SEP|    SRCRA|   SRCDEC|                  PVAL|         NETCOUNTS|            TPERSIST|CPERSIST|
|double|double|   double|   double|double|        char|         char|double|double|   double|double|            double|            double|   double|       char|   char|            double|   double|   double|                double|            double|              double|  double|
|      |      |         |         |      |            |             |      |      |         |      |                  |                  |         |           |       |                  |         |         |                      |                ct|                    |        |
|  null|  null|     null|     null|  null|        null|         null|  null|  null|     null|  null|              null|              null|     null|       null|   null|              null|     null|     null|                  null|              null|                null|    null|
   93.0 0.0468 463.33334 456.22223    1.0 17 00 49.918 -46 14 16.178   -1.0   14.0 2.287e-08  3.957 402963854.00878036 402964354.00878036     0.012 90801325002 34-1934 205.87541044476512  255.2429   -46.186  0.0006569799283211118 112.73535980364369  0.05833832036357347     0.25 
   11.0  0.041 395.88889 558.88892    1.0 17 03 01.107 -48 47 13.131   -1.0   16.0 5.662e-15  4.271 400602514.46687174 400603014.46687174    0.0096 80801341002 34-1934 116.30408929239397 255.70575 -48.78978 1.1075489185683829e-13  74.58154152100872 0.024475147243684273     0.25 
   17.0 0.0495 327.52631  521.6842    1.0 18 03 20.353 -14 52 28.571   -1.0   18.0  1.11e-16  4.761 199799346.35401693 199799846.35401693      0.01 60160680002 34-1934 500.96862393423936   270.697   -14.915  0.0008722385497380138  36.22065667972284 0.026009887514822534     0.25 
   27.0 0.0525 340.60001 562.29999    1.0 18 03 18.132 -14 50 48.750   -1.0   18.0  1.11e-16  4.877 199800346.35401693 199800846.35401693     0.011 60160680002 34-1934 510.05546211433546   270.697   -14.915 0.00014080612250750294  35.86299157189309  0.05201977502964507     0.25 
   44.0 0.0293 350.89999 563.59998    1.0 18 03 16.386 -14 50 45.567   -1.0   16.0 6.243e-10  3.553 199810846.35401693 199811346.35401693    0.0082 60160680002 34-1934 489.62105302488396   270.697   -14.915 0.00016506058595542271 29.905970357400022 0.026009887514822534     0.25 
   51.0 0.0747 292.69049 474.42856    1.0 18 03 26.264 -14 54 24.678   -1.0   18.0       0.0  5.907 199811846.35401693 199812346.35401693     0.013 60160680002 34-1934  565.8042327404168   270.697   -14.915  0.0007176590318561679  52.08664126896794  0.05201977502964507     0.25 
   69.0 0.0367   341.375  561.8125    1.0 18 03 18.001 -14 50 49.949   -1.0   18.0 1.284e-12  4.003 199800096.35401693 199800596.35401693    0.0092 60160680002 34-1934   507.813516223389   270.697   -14.915  0.0006178619385800407               30.0  0.05201977502964507     0.25 
   71.0 0.0507 287.44446 471.72223    1.0 18 03 27.154 -14 54 31.322   -1.0   18.0       0.0  4.794 199817096.35401693 199817596.35401693     0.011 60160680002 34-1934  578.3869385741841   270.697   -14.915  0.0004405180439958499  36.77133181644568  0.05201977502964507     0.25 
    8.0  0.031 409.08334 478.83334    1.0 10 31 36.055 -42 06 10.668   -1.0   26.0 1.865e-14  3.462 265162116.34824762 265162616.34824762    0.0089 60468002002 159-559   209.701091322231 157.84633 -42.06061  0.0002913030692571581 11.999683539278907  0.01825863484022747     0.25 
