| INDEX|COUNTS|     XPIX|     YPIX|VIGCOR|          RA|          DEC|   ERR|  HBOX|     PROB|   SNR|            TSTART|             TSTOP|COUNTSERR|      SEQID|   BOUND|               SEP|       SRCRA|      SRCDEC|                  PVAL|         NETCOUNTS|             DET1X|             DET1Y|
|double|double|   double|   double|double|        char|         char|double|double|   double|double|            double|            double|   double|       char|    char|            double|      double|      double|                double|            double|            double|            double|
|      |      |         |         |      |            |             |      |      |         |      |                  |                  |         |           |        |                  |            |            |                      |                ct|                  |                  |
|  null|  null|     null|     null|  null|        null|         null|  null|  null|     null|  null|              null|              null|     null|       null|    null|              null|        null|        null|                  null|              null|              null|              null|
    3.0  0.035   400.125   521.625    1.0 05 55 02.264 +46 25 34.972   -1.0   18.0 1.195e-12  3.746  413922545.2498535  413923045.2498535    0.0093 60802037008  34-1934 100.84160256706733     88.72338     46.43933  0.0007711259498906708 21.128534834011603 276.41842172777314 182.30584709394532 
    4.0 0.0285   471.375   521.125    1.0 05 54 45.324 +46 25 33.885   -1.0   18.0 3.109e-15  3.686  413923045.2498535  413923545.2498535    0.0077 60802037008  34-1934  98.06932689403533     88.72338     46.43933 5.6771366701958725e-05  9.408765123315534 206.18396072394813 194.27573700904935 
   18.0 0.0371 400.79999 551.09998    1.0 05 55 02.112 +46 26 47.427   -1.0   26.0       0.0  4.251  413917545.2498535  413918045.2498535    0.0087 60802037008   34-159  91.56988603809309     88.72338     46.43933 0.00033428591091943816  19.23960679056141 280.90864353018003 211.44173896818734 
    6.0 0.0242 452.28571 493.14285    1.0 05 54 52.931 +46 24 36.960   -1.0   16.0 1.426e-08  3.238  413817820.8981435  413818320.8981435    0.0075 60802037006  34-1934 104.84598611410563     88.72338     46.43933  2.043411542890897e-05  22.35081919055872  236.9213460491562 166.10200213722604 
    8.0 0.0249 429.22223 501.11111    1.0 05 54 58.415 +46 24 56.504   -1.0   18.0 9.451e-08  3.211  413824320.8981435  413824820.8981435    0.0077 60802037006  34-1934   98.4910069442495     88.72338     46.43933  0.0009049486573801873 31.533072276684457 260.96829781371184  170.2425146682259 
    9.0 0.0257 411.77777 529.55554    1.0 05 55 02.569 +46 26 06.380   -1.0   18.0 9.964e-09  3.318  413824320.8981435  413824820.8981435    0.0077 60802037006  34-1934  93.81383617404563     88.72338     46.43933   7.66763762395784e-05  30.83632275974033  282.7743882358476 195.49699914645376 
   93.0 0.0468 463.33334 456.22223    1.0 17 00 49.918 -46 14 16.178   -1.0   14.0 2.287e-08  3.957 402963854.00878036 402964354.00878036     0.012 90801325002  34-1934 205.87541044476512     255.2429      -46.186  0.0006569799283211118 112.73535980364369 196.11675116420747 147.76759734426466 
    3.0  0.128 406.09091 548.63635    1.0 17 01 09.913 -46 10 55.900   -1.0   18.0  1.11e-16  4.346 400614549.50583553 400615049.50583553     0.029 90802322002  159-559 121.39208263739732     255.2429      -46.186 2.7204609234813324e-20  90.67666997314885   294.836897215126 207.18673058525457 
    4.0 0.0895    422.25     580.5    1.0 17 01 06.081 -46 09 37.618   -1.0   18.0 9.299e-13  3.593 400614549.50583553 400615049.50583553     0.025 90802322002  159-559 122.44363109620996     255.2429      -46.186  0.0002120260020948238  17.51203972311998  289.8877587493824 242.56817632278887 
   11.0  0.041 395.88889 558.88892    1.0 17 03 01.107 -48 47 13.131   -1.0   16.0 5.662e-15  4.271 400602514.46687174 400603014.46687174    0.0096 80801341002  34-1934 116.30408929239397    255.70575    -48.78978 1.1075489185683829e-13  74.58154152100872  295.3103813034064 209.60982100061153 
    5.0 0.0274     583.5 468.83334    1.0 16 53 42.376 +39 46 05.716   -1.0   18.0 1.467e-11  3.532 385658862.52366865 385659362.52366865    0.0077 60502009002  34-1934 117.06984656700301   253.467542    39.760169  0.0006465405640593467 22.330585718712705  289.9218965554996  169.4633926029737 
   16.0 0.0191 554.16663 412.33334    1.0 16 53 48.637 +39 43 46.882   -1.0   21.0 5.597e-11  3.022 385666362.52366865 385666862.52366865    0.0063 60502009002  159-559 117.22824241799854   253.467542    39.760169 5.9937376839946216e-05  5.591210371702147 301.00067882716183  232.1458109794819 
   11.0 0.0419 557.28571     536.0    1.0 11 21 18.802 -60 35 21.973   -1.0   18.0  1.11e-16  4.368  379884692.3121441  379885192.3121441    0.0096 30701019002   34-159 126.62733403838365    170.31287    -60.62378  0.0002370896554186917  56.43065908880054 242.06955508496924  171.8406118752796 
   13.0 0.0221     581.0 542.83337    1.0 11 21 10.892 -60 35 05.092   -1.0   18.0 1.562e-07  3.065  379884692.3121441  379885192.3121441    0.0072 30701019002   34-159 143.89108370574996    170.31287    -60.62378 1.2800814165317755e-06 17.660121958333832  266.7428263679181 171.40713320895128 
    2.0 0.0253     410.0     555.0    1.0 05 34 41.245 +22 00 46.078   -1.0   18.0 1.804e-10  3.386 351835985.75153214 351836485.75153214    0.0075 10702303002 559-1934  129.6904424944723     83.63303     22.01447  6.815385427212467e-05  38.79979424373728  303.4216292947808 193.29526316514836 
    3.0 0.0273 434.27274 597.54541    1.0 05 34 36.957 +22 02 30.682   -1.0   18.0  1.59e-11   3.53 351835985.75153214 351836485.75153214    0.0077 10702303002 559-1934  120.8786242975111     83.63303     22.01447 0.00016364136896042673 13.136790581457394 302.11509254537685 242.25938891109305 
    4.0 0.0302 601.09998 421.89999    1.0 05 34 24.291 +22 00 14.813   -1.0   21.0 3.331e-15  3.777 367862882.50307184 367863382.50307184     0.008 10702303006 559-1934 112.56645405356156     83.63303     22.01447 4.3648680104056866e-06  50.30371434437505 286.44312553493006 215.45005682535674 
    8.0 0.0525 601.44446 434.61111    1.0 05 34 24.229 +22 00 46.058   -1.0   18.0       0.0  5.048 367876132.50307184 367876632.50307184      0.01 10702303006 559-1934 107.24867623250691     83.63303     22.01447   5.20853188089955e-06   33.4479674245345  280.7187916543896 204.09193079934334 
    9.0 0.0305 597.85718 417.28571    1.0 05 34 24.865 +22 00 03.474   -1.0   18.0 3.331e-16  3.807 367876132.50307184 367876632.50307184     0.008 10702303006 559-1934 109.60328035036771     83.63303     22.01447 0.00012229284778326257  18.72592957635542  285.7718847778199 221.04759299013625 
    1.0 0.0527 555.66663    479.75    1.0 05 34 32.702 +22 02 46.416   -1.0   21.0       0.0  5.049  367919850.5015516  367920350.5015516      0.01 10702303008 559-1934 114.84680082268954     83.63303     22.01447  0.0006777831155793581 29.597676963630768 221.30499553356697 189.22530062530063 
    3.0 0.0346 588.58337 472.08334    1.0 05 34 26.883 +22 02 27.543   -1.0   21.0  1.11e-16  4.062  367919850.5015516  367920350.5015516    0.0085 10702303008 559-1934 118.48053225047607     83.63303     22.01447 1.6947580435252712e-06 59.216144393289184 253.92635195492338 180.37865732151445 
    5.0 0.0246 606.79999     469.0    1.0 05 34 23.663 +22 02 19.943   -1.0   21.0  2.48e-12  3.393  367919850.5015516  367920350.5015516    0.0072 10702303008 559-1934 144.68023614867727     83.63303     22.01447  2.517034171951768e-07  20.32877305958635 271.42201607915894 174.46439909297052 
    2.0 0.0412 548.33337    479.75    1.0 05 38 48.517 +26 20 39.218   -1.0   16.0 4.833e-10  3.776 344744523.00159395 344745023.00159395     0.011 90601336003 559-1934 122.67213666067816       84.725       26.317 1.4690507648937659e-05  45.02527767844566 216.37138466022762 135.32582111106694 
    4.0  0.067 570.76923 447.76923    1.0 05 38 44.417 +26 19 20.586   -1.0   16.0       0.0  4.975 344744523.00159395 344745023.00159395     0.013 90601336003 559-1934 130.32170529263627       84.725       26.317 1.9108617021279062e-05  78.82129465036199 252.55961418710336  145.2402851199703 
    5.0 0.0694 564.40002 425.86667    1.0 05 38 45.583 +26 18 26.754   -1.0   16.0       0.0  5.073 344744523.00159395 344745023.00159395     0.014 90601336003 559-1934 118.31866492621668       84.725       26.317  4.127873090397432e-10 103.60269996895858  260.9664931038595  165.8834081905746 
    4.0 0.0657     471.5     484.0    1.0 05 39 00.503 +26 20 29.155   -1.0   16.0       0.0  5.404  342826144.0085384  342826644.0085384     0.012 90601334004 559-1934 124.00905321027722       84.725       26.317  0.0002632000221127525 36.189415593140716 188.54746409671213  171.8474969852201 
    7.0  0.035     547.5 478.14285    1.0 05 38 46.606 +26 20 14.748   -1.0   16.0 2.966e-09  3.729  342826144.0085384  342826644.0085384    0.0094 90601334004 559-1934  123.6878572123838       84.725       26.317 7.5727356173109105e-06 45.150490198681254 254.91501808867937 136.65874684818465 
    9.0 0.0306 555.91663 468.66666    1.0 05 38 45.067 +26 19 51.448   -1.0   16.0 1.548e-08   3.51  342826144.0085384  342826644.0085384    0.0087 90601334004 559-1934 130.21840190154364       84.725       26.317  0.0002920804217963664  47.79717768428023  266.7071228535265  140.1844746310009 
   11.0 0.0382 555.57141 432.64285    1.0 05 38 45.133 +26 18 22.898   -1.0   16.0 3.257e-11  3.988  342826144.0085384  342826644.0085384    0.0096 90601334004 559-1934  125.2448647237553       84.725       26.317   1.58527032114843e-05  37.82521935702819  284.5364713620825 170.63743908151366 
    1.0 0.0264 415.88889 532.11108    1.0 18 58 42.282 -08 14 31.241   -1.0   18.0 1.005e-09  3.407 302733564.37033856 302734064.37033856    0.0077 90501333002  34-1934 110.77775832934903   284.645417    -8.237472 1.5965798175289013e-05 33.711295609354465 299.09103354176455  198.5495942819966 
    3.0  0.052 423.39999     522.0    1.0 18 58 41.039 -08 14 56.098   -1.0   16.0 9.467e-12   3.62 302738064.37033856 302738564.37033856     0.014 90501333002  34-1934 100.00004318616556   284.645417    -8.237472 4.0419174649442367e-07   42.5506528494119 290.62282683341164 189.22952886109806 
    5.0 0.0289 505.55554     534.0    1.0 18 58 27.435 -08 14 26.613   -1.0   16.0 2.392e-09  3.499 302767564.37033856 302768064.37033856    0.0082 90501333002  34-1934 111.46315925011578   284.645417    -8.237472 0.00018936701566511847 51.478879147982006  210.0594300068674 209.28988054360792 
    6.0  0.033     469.0 497.39999    1.0 18 58 33.488 -08 15 56.578   -1.0   16.0 3.238e-11   3.78 302767564.37033856 302768064.37033856    0.0087 90501333002  34-1934 103.84284968847585   284.645417    -8.237472 1.6279813050652213e-06  61.27167353394703  242.8152672859363 169.25692612137203 
    8.0 0.0288     433.0     507.0    1.0 18 58 39.449 -08 15 32.973   -1.0   16.0 2.594e-09  3.495 302767564.37033856 302768064.37033856    0.0082 90501333002  34-1934 103.22682231395737   284.645417    -8.237472  9.418346027420425e-08  42.70925998501483 279.58575197889184 175.25259786026675 
   10.0 0.0248 421.72726 548.72729    1.0 18 58 41.315 -08 13 50.399   -1.0   16.0 1.911e-09  3.313 302727314.37033856 302727814.37033856    0.0075 90501333002  34-1934  98.30509080067243   284.645417    -8.237472  2.678847155443048e-07 40.806436441260644 294.92402501174683 215.65846044023567 
    3.0 0.0192 475.60001 491.60001    1.0 19 30 04.346 +18 18 57.680   -1.0   21.0 3.053e-11   3.03 258868254.11957467 258868754.11957467    0.0063 90401306004   34-159  121.6184589174744   292.482971    18.310636 1.1518990741175662e-06  18.41434417853705 177.57399705349047 218.96237250679962 
    3.0  0.299 498.78946 479.63159    1.0 19 11 09.904 +00 33 40.143   -1.0   16.0  3.73e-14  4.917   208303646.252398   208304146.252398     0.061 90202033002   34-159 125.82579961071156   287.816828     0.584977  1.968111916054098e-12 130.31991695264418  207.2834388792938 163.46379910628616 
    5.0   0.33 507.95651 537.69568    1.0 19 11 08.402 +00 36 02.871   -1.0   16.0       0.0  5.171   208303646.252398   208304146.252398     0.064 90202033002   34-159 127.93350474886262   287.816828     0.584977 1.2942782773559292e-08 107.98684672274536  192.1645488938235 220.26271349069276 
    7.0  0.529 485.77274 472.02274    1.0 19 11 12.038 +00 33 21.440   -1.0   16.0       0.0  6.893   208303646.252398   208304146.252398     0.077 90202033002   34-159  120.5143601257901   287.816828     0.584977 3.2933436128836114e-19  169.8569442948451 221.02231543164186 157.24349590152698 
    9.0  0.162     495.0 557.11108    1.0 19 11 10.525 +00 36 50.596   -1.0   14.0 3.467e-07   3.48   208303646.252398   208304146.252398     0.047 90202033002   34-159 133.40309709854097   287.816828     0.584977  5.126922734160001e-05   63.1586780461868  203.0391650903309 240.91381212819036 
   14.0 0.0433 453.35715 472.28571    1.0 17 02 08.799 -29 58 53.615   -1.0   16.0 3.753e-14  4.327 181261953.20602214 181262453.20602214      0.01 90101013002   34-159  132.8121127158189    255.52725   -29.945583 0.00024441671346212864 38.792330361794555 213.79015335895582 148.80805933262542 
   15.0 0.0544 430.36365     489.5    1.0 17 02 13.148 -29 58 11.278   -1.0   18.0 8.882e-16  4.806 181261953.20602214 181262453.20602214     0.011 90101013002   34-159 122.36604417709897    255.52725   -29.945583 1.6223261112569116e-13  97.10140173614666  240.8466269487018   158.448950825526 
    4.0 0.0638     454.0 543.14282    1.0 18 46 28.006 -02 58 54.418   -1.0   18.0 3.984e-10  3.097  338101316.9629156  338101816.9629156     0.021 80602315006  34-1934 51.958131953340754 281.60391667  -2.97502778  9.405108594181893e-05 43.467500832386605 287.09026375440646 187.13134480060447 
    3.0 0.0226   427.125    581.25    1.0 18 49 22.817 -03 03 09.944   -1.0   21.0 1.241e-11  3.266 309232050.75998914 309232550.75998914    0.0069 80502303008  159-559  91.93047918958874     282.3213      -3.0622 2.4310413937769796e-05  18.16101288421065  284.1494025849519  201.5384058871569 
    9.0 0.0243 444.79999     530.0    1.0 18 49 19.917 -03 05 15.923   -1.0   21.0 7.159e-12  3.374 309251050.75998914 309251550.75998914    0.0072 80502303008  159-559 101.15214696106604     282.3213      -3.0622  4.829563461508828e-06  9.918349984348785 240.29526772715974 169.67653481518303 
    2.0   0.03 483.70001 467.29999    1.0 15 35 06.048 -57 14 35.043   -1.0   18.0 1.255e-14  3.756 246584817.50195855 246585317.50195855     0.008 80402302009 559-1934 120.61200231161881    233.83222    -57.23004  0.0005423515485243487 23.814519375520376 108.01510656651729  87.91956489722064 
    6.0 0.0228 468.89999 444.20001    1.0 15 35 10.535 -57 15 31.809   -1.0   23.0 2.243e-12  3.293 246590317.50195855 246590817.50195855    0.0069 80402302009 559-1934 127.77011592564573    233.83222    -57.23004  0.0008524313505878793 18.561698509409002 132.78362683835132  77.00603841864967 
    8.0 0.0328 479.60001 447.20001    1.0 15 35 07.292 -57 15 24.447   -1.0   23.0  2.22e-16  3.976 246590817.50195855 246591317.50195855    0.0082 80402302009 559-1934  139.5603253928583    233.83222    -57.23004 0.00020460114325307493 11.333562421210008 122.27482168781165  73.78823455153696 
   11.0 0.0211 490.66666 484.66666    1.0 15 35 03.937 -57 13 52.358   -1.0   21.0 1.888e-12  3.185 246591567.50195855 246592067.50195855    0.0066 80402302009 559-1934 128.34224452640123    233.83222    -57.23004 0.00025973970036649694  8.828397504278993  92.32533821456374  97.76780491910202 
    2.0 0.0219    449.25    583.25    1.0 16 12 55.431 -52 24 27.302   -1.0   16.0 2.632e-07  3.039  269132397.3456977  269132897.3456977    0.0072 80401321002  34-1934 126.60723628988947    243.17917    -52.42306  1.895388706876074e-09   55.1852941077871  297.0720099884236 191.11821250856107 
    5.0  0.028 449.63635 537.09094    1.0 16 12 55.337 -52 26 20.766   -1.0   18.0 2.296e-08  3.392  269165897.3456977  269166397.3456977    0.0082 80401321002  34-1934 126.72641731967794    243.17917    -52.42306  8.222548031334427e-05 18.384068060880928 264.34248938831007  158.5726352750554 
    8.0 0.0391 447.46667 573.53333    1.0 16 12 55.912 -52 24 51.183   -1.0   18.0 3.605e-12  4.074  269167397.3456977  269167897.3456977    0.0096 80401321002  34-1934 122.29997050240976    243.17917    -52.42306 3.0522197088064554e-05  58.17599748347857  291.5072882763302  182.9574946512234 
   11.0 0.0238 461.57144 527.57141    1.0 16 12 52.130 -52 26 44.187   -1.0   16.0 4.797e-08  3.185  269176897.3456977  269177397.3456977    0.0075 80401321002  34-1934 116.43212255920167    243.17917    -52.42306  0.0007176590318561668 23.692443007224348 249.16410188030457 160.19773401781512 
   15.0  0.022 461.57144     524.0    1.0 16 12 52.131 -52 26 52.966   -1.0   16.0 2.244e-07  3.047  269176647.3456977  269177147.3456977    0.0072 80401321002  34-1934 122.71956267594499    243.17917    -52.42306  5.332498087898617e-06  23.04568970398539 246.65278106078514 157.65785204445496 
    3.0 0.0309 462.42856 439.42856    1.0 15 35 13.386 -57 15 55.047   -1.0   21.0       0.0  3.763 246423766.50209528 246424262.99904406    0.0082 80302309014 559-1934 136.97734095577465    233.83222    -57.23004 2.5907715881444294e-06 28.479218105525362  231.3139541040548 163.09726678738974 
    5.0 0.0265 454.83334 486.08334    1.0 07 55 45.036 -29 34 11.420   -1.0   18.0 5.437e-10  3.428 196689271.38128906 196689771.38128906    0.0077 80102103002  34-1934 125.11953742255372 118.92699997 -29.53633333 3.0895114674892674e-06 56.426964378394125  235.9079941701278  154.9032068509423 
    2.0 0.0289 503.83334     513.5    1.0 03 34 58.992 +53 12 26.915   -1.0   16.0 4.604e-08  3.248 181713123.05765408 181713623.05765408    0.0089 80102002010   34-159 124.19432986286387    53.749583    53.173056 1.8889167278358051e-07  51.34935630568515 197.20034961330649   175.431269202246 
    5.0 0.0277 543.85718 437.14285    1.0 03 34 48.055 +53 09 19.185   -1.0   16.0 7.347e-08  3.165 181741373.05765408 181741799.98169595    0.0088 80102002010   34-159 124.19269564470642    53.749583    53.173056 2.3913383446381913e-09  41.14463228410676 283.39473461171735  174.3016686089628 
    6.0 0.0257     506.0 524.57141    1.0 03 34 58.399 +53 12 54.130   -1.0   16.0 9.051e-09  3.322 181707123.05765408 181707623.05765408    0.0077 80102002010  159-559   151.742319874946    53.749583    53.173056  8.426646582341621e-11 19.250308900755552 188.30692340290284 168.48860048733977 
    7.0 0.0284 526.33337 507.66666    1.0 03 34 52.836 +53 12 12.563   -1.0   16.0 8.454e-09  3.442 181707123.05765408 181707623.05765408    0.0082 80102002010  159-559 126.65148502051264    53.749583    53.173056  9.665845468223635e-14 171.89125739121886 212.58049581523466 158.00785570505352 
    8.0 0.0311   481.875    516.75    1.0 03 35 05.000 +53 12 34.897   -1.0   16.0 3.962e-13  3.771 181707123.05765408 181707623.05765408    0.0082 80102002010  159-559 139.63316825804708    53.749583    53.173056  8.854457017852922e-06 25.208789575687554 184.36046191333827 193.53838330331604 
    9.0 0.0244 537.28571 507.57144    1.0 03 34 49.840 +53 12 12.316   -1.0   16.0 2.981e-07  3.148 181707123.05765408 181707623.05765408    0.0077 80102002010  159-559  141.8887015985062    53.749583    53.173056  4.928799714506967e-07 136.72283760110764 217.62272486492213 148.28874880813646 
   12.0 0.0349 554.88892 462.88889    1.0 03 34 45.034 +53 10 22.450   -1.0   16.0 4.193e-12  3.907 181707123.05765408 181707623.05765408    0.0089 80102002010  159-559 133.68985876180452    53.749583    53.173056   7.55830125912398e-05 107.52111433708677 265.43108909842147 152.81423879648267 
   14.0 0.0494 549.66663 449.38095    1.0 03 34 46.465 +53 09 49.257   -1.0   18.0 3.331e-16  4.668 181707123.05765408 181707623.05765408     0.011 80102002010  159-559 125.45605027405941    53.749583    53.173056  4.242424747664391e-09  45.00774207777131  275.1122841402691 163.58365292933573 
    4.0  0.028 438.60001     509.5    1.0 17 03 01.745 -48 48 16.333   -1.0   16.0 2.485e-07    3.3 115047582.01862088 115048082.01862088    0.0085 80001013006   34-159 133.54337708759428    255.70567    -48.78967 1.3277018841316393e-12   82.1640993861457 275.23016796869183  192.2026626431926 
    5.0  0.032     438.5   500.125    1.0 17 03 01.772 -48 48 39.377   -1.0   16.0 9.827e-09   3.58 115047582.01862088 115048082.01862088    0.0089 80001013006   34-159  144.5536262632493    255.70567    -48.78967  7.958519501539797e-08  43.54680199445171  271.0895918145854 183.79379837372767 
    8.0  0.031 409.08334 478.83334    1.0 10 31 36.055 -42 06 10.668   -1.0   26.0 1.865e-14  3.462 265162116.34824762 265162616.34824762    0.0089 60468002002  159-559 209.70109132223712    157.84633    -42.06061   0.000291303069257158 11.999683539278907 305.74565901734167 131.47831455299837 
    2.0 0.0269    525.25    586.25    1.0 21 24 32.748 +50 59 31.732   -1.0   16.0 1.588e-10  3.466 252645398.83669487 252645898.83669487    0.0077 60301005002  34-1934   91.1077228872774    321.16333     50.97333  6.637983242101662e-05 22.169249585227654   265.219787222253 233.45797085388153 
    7.0 0.0273     459.5   546.375    1.0 21 24 49.860 +50 57 53.695   -1.0   16.0 1.594e-11   3.53 252651148.83669487 252651648.83669487    0.0077 60301005002  34-1934 105.14502264717095    321.16333     50.97333 0.00010114346308021037  24.99519444291836  236.6037476219501  162.0897348281955 
    5.0 0.0275 476.39999 521.29999    1.0 04 18 20.276 +38 00 03.962   -1.0   18.0 6.299e-12  3.552 252010665.05377606 252011165.05377606    0.0077 60202061002  34-1934  92.82111602660282     64.58875    38.026667  8.285773536685816e-06 16.423952609922367  258.6248029700283 198.07600593543768 
    1.0 0.0448 531.42859 505.35715    1.0 11 04 20.499 +38 14 08.208   -1.0   18.0       0.0  4.481 223646244.30341145 223646744.30341145      0.01 60202048004  34-1934 125.46692752027225    166.11379     38.20883 5.1068140628091334e-09  70.55582512680732  233.0518957312708 154.00273726470053 
    2.0 0.0233   476.625   454.625    1.0 11 04 21.201 +38 10 41.428   -1.0   16.0 1.836e-07  3.119 228396364.41786242 228396864.41786242    0.0075 60202048008  34-1934  131.7701223540846    166.11379     38.20883 0.00019554678063243456 15.372805649493865   262.577025862069 150.93758620689655 
   17.0 0.0495 327.52631  521.6842    1.0 18 03 20.353 -14 52 28.571   -1.0   18.0  1.11e-16  4.761 199799346.35401693 199799846.35401693      0.01 60160680002  34-1934 500.96862393423936      270.697      -14.915  0.0008722385497380138  36.22065667972284  48.03695775759052  258.1386539510169 
   27.0 0.0525 340.60001 562.29999    1.0 18 03 18.132 -14 50 48.750   -1.0   18.0  1.11e-16  4.877 199800346.35401693 199800846.35401693     0.011 60160680002  34-1934 510.05546211433546      270.697      -14.915 0.00014080612250750294  35.86299157189309  37.18316452612161  216.8776002691634 
   44.0 0.0293 350.89999 563.59998    1.0 18 03 16.386 -14 50 45.567   -1.0   16.0 6.243e-10  3.553 199810846.35401693 199811346.35401693    0.0082 60160680002  34-1934 489.62105302488396      270.697      -14.915 0.00016506058595542271 29.905970357400022  45.15999559128932 210.23226944183403 
   51.0 0.0747 292.69049 474.42856    1.0 18 03 26.264 -14 54 24.678   -1.0   18.0       0.0  5.907 199811846.35401693 199812346.35401693     0.013 60160680002  34-1934  565.8042327404168      270.697      -14.915  0.0007176590318561679  52.08664126896794  44.14077709326744  316.7078997134338 
   69.0 0.0367   341.375  561.8125    1.0 18 03 18.001 -14 50 49.949   -1.0   18.0 1.284e-12  4.003 199800096.35401693 199800596.35401693    0.0092 60160680002  34-1934   507.813516223389      270.697      -14.915  0.0006178619385800407               30.0  38.09707284814312  216.8695543721648 
   71.0 0.0507 287.44446 471.72223    1.0 18 03 27.154 -14 54 31.322   -1.0   18.0       0.0  4.794 199817096.35401693 199817596.35401693     0.011 60160680002  34-1934  578.3869385741841      270.697      -14.915  0.0004405180439958499  36.77133181644568  41.17819892566682  321.8117654565916 
