1 40801003002 1000 1.0 0.84 0 0
2 60801029004 1000 1.0 1.0 0.66 0
3 80801650002 1000 1.0 0.46 0 0
4 60502009002 1000 1.0 1.0 1.0 0.74
5 40702003008 1000 0.99 0 0 0
6 90501337002 1000 1.0 1.0 1.0 0.42
7 90302004004 1000 1.0 1.0 0.94 0
8 90101003002 1000 1.0 1.0 1.0 0.33
9 80402302008 1000 1.0 0.83 0 0
10 80002013012 1000 1.0 1.0 1.0 0.72
12 60501018002 1000 0.84 0 0 0
12 60501012002 1000 0.87 0 0 0
13 60372003002 1000 1.0 1.0 1.0 0.56
13 60370001002 1000 0.8 0 0 0
14 60361014002 1000 0.9 0 0 0
15 60160707002 1000 0.18 0 0 0
