24 40001019002 1000 1.0 1.0 0.98 0
24 30601013002 1000 0.25 0 0 0
26 30201028002 1000 1.0 1.0 1.0 0.51
26 30201018002 1000 1.0 0.42 0 0
28 30001024003 1000 0.04 0 0 0
28 30001024005 1000 1.0 1.0 1.0 0.0
23 40021012002 500 1.0 1.0 1.0 0.99
23 40021003001 500 0.0 0.0 0.0 0.0
23 40021003002 500 0.0 0.0 0.0 0.0
23 40021003003 500 0.0 0.0 0.0 0.0
23 40021001002 500 0.0 0.0 0.0 0.0
23 40021001004 500 0.0 0.0 0.0 0.0
23 40021001005 500 0.0 0.0 0.0 0.0
23 40020001002 500 0.0 0.0 0.0 0.0
23 40020001004 500 0.99 1.0 1.0 1.0