| INDEX| COUNTS|     XPIX|     YPIX|VIGCOR|          RA|          DEC|   ERR|  HBOX|     PROB|   SNR|            TSTART|             TSTOP|COUNTSERR|      SEQID|   BOUND|               SEP|      SRCRA|      SRCDEC|                  PVAL|         NETCOUNTS|
|double| double|   double|   double|double|        char|         char|double|double|   double|double|            double|            double|   double|       char|    char|            double|     double|      double|                double|            double|
|      |       |         |         |      |            |             |      |      |         |      |                  |                  |         |           |        |                  |           |            |                      |                ct|
|  null|   null|     null|     null|  null|        null|         null|  null|  null|     null|  null|              null|              null|     null|       null|    null|              null|       null|        null|                  null|              null|
    1.0  0.0273 369.22058 417.38235    1.0 10 31 36.316 -42 06 14.364   -1.0   26.0       0.0  9.112   396322907.017959   396327907.017959     0.003 60802014002  34-1934 214.38284175245164   157.84633    -42.06061 3.0407024165715892e-05 59.767233198141355 
   17.0  0.0278 650.67798 490.93219    1.0 19 58 41.198 +37 05 06.352   -1.0   18.0 7.568e-07  4.125   393482264.049222   393487264.049222    0.0067 10802311002  34-1934 345.94081328522253   299.79033     37.10161  0.0005073709607924778 148.33675023886272 
  133.0   0.019 591.96667 512.53333    1.0 19 58 53.255 +37 05 59.607   -1.0   21.0 2.699e-09  4.698   393494764.049222   393499764.049222     0.004 10802311002  159-559  196.6107972209534   299.79033     37.10161  0.0008145145282910798   92.9172185385688 
   16.0  0.0373 494.92126 549.77954    1.0 11 04 11.412 +38 13 04.974   -1.0   33.0       0.0  8.389  392323284.0087478  392328284.0087478    0.0044 60702061004  34-1934  190.2899043678881   166.11379     38.20883 1.1761552869458479e-06  78.58064036235731 
   39.0  0.0188 485.76471 500.88235    1.0 11 04 13.320 +38 11 04.777   -1.0   26.0       0.0  5.387  392320784.0087478  392325784.0087478    0.0035 60702061004  34-1934 186.46139480508984   166.11379     38.20883  0.0006215973025581936  38.31284825902219 
   13.0  0.0314 582.90479 569.87305    1.0 20 02 57.712 +36 39 00.532   -1.0   18.0       0.0  5.685 390537864.06481445 390542864.06481445    0.0055 10802310002  34-1934 226.46223685748916   300.79033     36.60161 0.00016505145931190683  153.3337735435644 
   43.0  0.0281 591.81079 566.47296    1.0 20 02 55.894 +36 38 52.158   -1.0   18.0 1.331e-08  4.695 390567864.06481445 390572864.06481445     0.006 10802310002  34-1934 234.98007957769377   300.79033     36.60161  0.0006952102880625731 176.28161326763058 
   78.0  0.0194 583.08942 563.04065    1.0 20 02 57.676 +36 38 43.737   -1.0   18.0       0.0  5.719 390547864.06481445 390552864.06481445    0.0034 10802310002   34-159 214.06751843398877   300.79033     36.60161  4.465128244135151e-05  156.6498999561344 
  120.0  0.0128 589.11108 574.11108    1.0 20 02 56.444 +36 39 10.938   -1.0   18.0 7.715e-07   3.93 390550364.06481445 390555364.06481445    0.0032 10802310002   34-159  244.2546829625555   300.79033     36.60161   9.82739111341324e-06 127.26754914212358 
  127.0  0.0196 568.59094 563.04541    1.0 20 03 00.637 +36 38 43.773   -1.0   18.0       0.0  5.324 390555364.06481445 390560364.06481445    0.0037 10802310002   34-159 191.84275152717296   300.79033     36.60161  0.0006614401704993093 124.94599577634128 
  162.0  0.0202 570.01758  560.8772    1.0 20 03 00.346 +36 38 38.441   -1.0   18.0       0.0  6.188 390547864.06481445 390552864.06481445    0.0033 10802310002  159-559 189.53358677499492   300.79033     36.60161 0.00012445874408166107 127.79315117880618 
  173.0  0.0194  575.3913  559.8913    1.0 20 02 59.248 +36 38 36.009   -1.0   21.0       0.0  5.363 390552864.06481445 390557864.06481445    0.0036 10802310002  159-559 195.78655289781156   300.79033     36.60161  8.727841826180177e-05   135.838768693458 
    2.0  0.0359 575.29163 564.72913    1.0 20 02 59.988 +36 38 43.941   -1.0   18.0       0.0   6.96 390630103.07507163 390635103.07507163    0.0052 10802310004  34-1934 196.51734934001414   300.79033     36.60161  4.531580119614244e-05 223.34712647847863 
   66.0  0.0251 631.30121     562.0    1.0 20 02 48.549 +36 38 37.107   -1.0   21.0       0.0  5.806 390645103.07507163 390650103.07507163    0.0043 10802310004   34-159 295.98658947914936   300.79033     36.60161 0.00015293707059735402 109.64969801666552 
   81.0  0.0142 573.20972 563.17743    1.0 20 03 00.414 +36 38 40.130   -1.0   18.0 7.027e-06  3.613 390660103.07507163  390662102.8841981    0.0039 10802310004   34-159 190.41532062121775   300.79033     36.60161   0.000587173537460294  92.04401425404001 
  102.0  0.0153 581.43549 565.24194    1.0 20 02 58.733 +36 38 45.191   -1.0   18.0 1.423e-08  4.607 390657603.07507163  390662102.8841981    0.0033 10802310004   34-159 206.80925902724363   300.79033     36.60161  7.471458413605802e-05 129.35395292959277 
  145.0  0.0163 351.33331 535.83337    1.0 17 46 17.255 -28 57 03.326   -1.0   18.0 1.407e-05  3.648 388062306.38705623 388067306.38705623    0.0045 30602020008   34-159  529.9369269673111   266.41667    -29.00778  0.0005711157400649757  131.1250882209447 
    8.0 0.00939 524.54999 701.40002    1.0 17 11 18.010 -39 25 08.840   -1.0   18.0 2.611e-05  3.204  380866444.1064529  380871444.1064529    0.0029 40701004001  34-1934   726.416376225911   257.78617    -39.61867  6.667539095529435e-05 101.93909955033907 
   24.0  0.0392 532.54443 694.77777    1.0 17 11 16.314 -39 25 25.113   -1.0   21.0       0.0  8.137  380871444.1064529  380876444.1064529    0.0048 40701004001  34-1934  707.6119382186216   257.78617    -39.61867  0.0001617692531261696  139.9169279462487 
   64.0  0.0126 500.75757 713.48486    1.0 17 11 23.057 -39 24 39.141   -1.0   18.0 3.567e-10  4.717  380911444.1064529  380916444.1064529    0.0027 40701004001  34-1934  766.3229887067076   257.78617    -39.61867  0.0002969727047632256 117.28219401033603 
   67.0  0.0104 607.33337 653.76666    1.0 17 11 00.439 -39 27 05.797   -1.0   18.0 3.588e-10  4.624  380916444.1064529  380921444.1064529    0.0023 40701004001  34-1934  608.9126465252873   257.78617    -39.61867  0.0002555681098210677   99.9612059678727 
   68.0  0.0404 553.82556 687.58142    1.0 17 11 11.799 -39 25 42.780   -1.0   23.0       0.0  10.28  380916444.1064529  380921444.1064529    0.0039 40701004001  34-1934  685.3633946132273   257.78617    -39.61867 3.9321474934490973e-07  181.0019864433886 
   69.0  0.0243 511.13113 718.06555    1.0 17 11 20.857 -39 24 27.880   -1.0   21.0       0.0  7.824  380916444.1064529  380921444.1064529    0.0031 40701004001  34-1934  772.2728151681698   257.78617    -39.61867  7.160389417146136e-11 174.87057562456624 
   70.0   0.041 578.92004 669.40002    1.0 17 11 06.472 -39 26 27.432   -1.0   23.0       0.0  10.56  380921444.1064529  380926444.1064529    0.0039 40701004001  34-1934  640.2736813397315   257.78617    -39.61867  6.330447637906746e-11  179.9185236361764 
   71.0  0.0139 607.59998 656.59998    1.0 17 11 00.383 -39 26 58.832   -1.0   18.0       0.0  5.613  380921444.1064529  380926444.1064529    0.0025 40701004001  34-1934  615.8935259535876   257.78617    -39.61867 1.1569525359154651e-07 121.96718114156934 
   72.0  0.0364  590.8421 663.78949    1.0 17 11 03.941 -39 26 41.199   -1.0   23.0       0.0  8.706  380926444.1064529  380931444.1064529    0.0042 40701004001  34-1934  628.3948417201947   257.78617    -39.61867  3.267722472751484e-06  128.7330272932856 
   73.0  0.0104    615.25   652.125    1.0 17 10 58.759 -39 27 09.811   -1.0   18.0 2.444e-09  4.248  380926444.1064529  380931444.1064529    0.0025 40701004001  34-1934  608.3151441096828   257.78617    -39.61867 1.0717249583206472e-06  90.59129566723675 
   76.0  0.0447 538.79102  694.9552    1.0 17 11 14.989 -39 25 24.671   -1.0   23.0       0.0  9.723  380931444.1064529  380936444.1064529    0.0046 40701004001  34-1934  706.3024452214601   257.78617    -39.61867  5.449170956195195e-10   142.476747475001 
   77.0  0.0265 510.39999 717.11426    1.0 17 11 21.012 -39 24 30.219   -1.0   21.0       0.0  7.262  380931444.1064529  380936444.1064529    0.0036 40701004001  34-1934  770.3032584377536   257.78617    -39.61867  4.717023030987042e-05  98.56333678192564 
   85.0  0.0181 522.67444 710.60468    1.0 17 11 18.409 -39 24 46.215   -1.0   21.0       0.0  6.149  380946444.1064529  380951444.1064529    0.0029 40701004001  34-1934  749.4779469077173   257.78617    -39.61867 3.1533888042210053e-07 115.31927091335575 
   88.0   0.021  573.9032 671.51611    1.0 17 11 07.537 -39 26 22.240   -1.0   21.0       0.0  5.168  380956444.1064529  380961444.1064529    0.0041 40701004001  34-1934  645.0907555825931   257.78617    -39.61867 1.5830879504602994e-06   61.0937555933606 
  115.0 0.00939 524.54999 701.40002    1.0 17 11 18.010 -39 25 08.840   -1.0   18.0 2.611e-05  3.204  380866444.1064529  380868944.1064529    0.0029 40701004001  34-1934   726.416376225911   257.78617    -39.61867  6.667539095529435e-05 101.93909955033907 
  145.0  0.0202 575.43903 676.90247    1.0 17 11 07.212 -39 26 08.997   -1.0   21.0       0.0   5.91  380943944.1064529  380948944.1064529    0.0034 40701004001  34-1934  658.4174888808066   257.78617    -39.61867 3.7931967415537266e-05   93.0395515934963 
  164.0  0.0183 515.46875 707.78125    1.0 17 11 19.937 -39 24 53.159   -1.0   18.0       0.0  5.776  380871444.1064529  380876444.1064529    0.0032 40701004001   34-159  745.4977165541953   257.78617    -39.61867  7.789469822048249e-05   85.0790423513389 
  168.0  0.0378 527.67273     701.0    1.0 17 11 17.348 -39 25 09.822   -1.0   26.0       0.0  6.912  380876444.1064529  380881444.1064529    0.0055 40701004001   34-159  724.3452769204147   257.78617    -39.61867   0.000628066918249571  67.89522726452904 
  175.0  0.0131 600.88232 652.11768    1.0 17 11 01.808 -39 27 09.866   -1.0   21.0 1.243e-08  3.685  380891444.1064529  380896444.1064529    0.0036 40701004001   34-159  602.6000891392011   257.78617    -39.61867  4.829563461508785e-06  40.81656572102355 
  181.0  0.0188 537.59998 700.54999    1.0 17 11 15.242 -39 25 10.920   -1.0   23.0 2.799e-13  4.584  380906444.1064529  380911444.1064529    0.0041 40701004001   34-159  720.2840551647237   257.78617    -39.61867  0.0008524313505878858 44.277849057846154 
  186.0  0.0183 577.22223     669.0    1.0 17 11 06.832 -39 26 28.419   -1.0   21.0       0.0  6.724  380911444.1064529  380916444.1064529    0.0027 40701004001   34-159  639.1343605199532   257.78617    -39.61867  1.785197384134594e-05   73.4536687787676 
  187.0   0.019 533.54761  698.4762    1.0 17 11 16.101 -39 25 16.021   -1.0   23.0       0.0   6.76  380911444.1064529  380916444.1064529    0.0028 40701004001   34-159  716.3344765973311   257.78617    -39.61867  0.0007457876148763069  72.74904338799251 
  189.0  0.0371 582.47705 668.20184    1.0 17 11 05.717 -39 26 30.370   -1.0   26.0       0.0  10.55  380916444.1064529  380921444.1064529    0.0035 40701004001   34-159  637.7483395469217   257.78617    -39.61867  3.230134644032373e-10 137.13927509201807 
  192.0  0.0303 518.26392 710.09723    1.0 17 11 19.344 -39 24 47.465   -1.0   26.0       0.0  8.111  380926444.1064529  380931444.1064529    0.0037 40701004001   34-159  749.9457925498508   257.78617    -39.61867 1.2188195258725678e-05  95.25249344461585 
  194.0  0.0158 595.13635 662.86365    1.0 17 11 03.029 -39 26 43.465   -1.0   21.0       0.0  5.897  380931444.1064529  380936444.1064529    0.0027 40701004001   34-159  627.1500326652045   257.78617    -39.61867  8.103410545039804e-07  86.19776389043935 
  197.0   0.009 605.38098 655.61902    1.0 17 11 00.854 -39 27 01.249   -1.0   18.0 7.444e-11  4.215  380936444.1064529  380941444.1064529    0.0021 40701004001   34-159  612.6769646766336   257.78617    -39.61867 0.00022519337324975044 60.190044912995326 
  198.0    0.02 530.20514 699.66669    1.0 17 11 16.811 -39 25 13.097   -1.0   23.0       0.0  6.453  380936444.1064529  380941444.1064529    0.0031 40701004001   34-159  720.2641798528821   257.78617    -39.61867  0.0008950961856211852  70.81849597694989 
  199.0  0.0361 546.18518 693.79633    1.0 17 11 13.420 -39 25 27.513   -1.0   26.0       0.0  8.598  380941444.1064529  380946444.1064529    0.0042 40701004001   34-159  701.8249942576933   257.78617    -39.61867  7.015367323191203e-06   88.2021204919648 
  203.0  0.0175 524.17023 710.34045    1.0 17 11 18.091 -39 24 46.864   -1.0   23.0       0.0  6.378  380946444.1064529  380951444.1064529    0.0027 40701004001   34-159  748.2920801770118   257.78617    -39.61867  0.0004921961716284665  72.27339967131705 
  205.0  0.0177 574.36365 671.40912    1.0 17 11 07.439 -39 26 22.502   -1.0   23.0 5.551e-16  4.898  380956444.1064529  380961444.1064529    0.0036 40701004001   34-159  644.8531210314662   257.78617    -39.61867  1.960675384825489e-05 41.263816989319984 
  206.0  0.0212 539.66663 697.83331    1.0 17 11 14.803 -39 25 17.596   -1.0   26.0 1.159e-10  3.975  380961444.1064529  380966444.1064529    0.0053 40701004001   34-159  713.1231399887059   257.78617    -39.61867  0.0001570217701418283  31.71514327168739 
  213.0  0.0395 521.90906 702.38635    1.0 17 11 18.571 -39 25 06.417   -1.0   26.0       0.0   7.35  380878944.1064529  380883944.1064529    0.0054 40701004001   34-159  729.8021648724816   257.78617    -39.61867 0.00028427937113164844  68.14968483866886 
  221.0 0.00853 497.94446 721.27777    1.0 17 11 23.654 -39 24 19.986   -1.0   21.0 1.926e-07  3.606  380913944.1064529  380918944.1064529    0.0024 40701004001   34-159   786.526535949899   257.78617    -39.61867  0.0002413794852465297  52.45651288968301 
  222.0    0.02     574.5 678.67499    1.0 17 11 07.411 -39 26 04.641   -1.0   23.0       0.0  6.196  380943944.1064529  380948944.1064529    0.0032 40701004001   34-159  662.7169178194222   257.78617    -39.61867  3.583135323449721e-05  68.85469520058878 
  225.0  0.0163 574.36365 671.40912    1.0 17 11 07.439 -39 26 22.502   -1.0   23.0 7.772e-16   4.97  380958944.1064529  380963944.1064529    0.0033 40701004001   34-159  644.8531210314662   257.78617    -39.61867  6.710748484662247e-05  42.12356556252929 
  271.0  0.0123 558.01959 680.82355    1.0 17 11 10.908 -39 25 59.386   -1.0   23.0       0.0  5.706  380916444.1064529  380921444.1064529    0.0022 40701004001  159-559  668.3044587479926   257.78617    -39.61867  0.0008913329005459117  50.18510487775032 
   13.0  0.0214 573.52875 519.08044    1.0 06 17 02.685 +09 11 02.340   -1.0   26.0       0.0  7.526 371670240.00176865 371675240.00176865    0.0028 30702009006   34-159 182.82488133558937    94.28042      9.13689  3.646832277965475e-05 166.51883763667092 
    4.0  0.0145 653.12903 496.09677    1.0 06 16 55.424 +09 10 14.801   -1.0   21.0       0.0  5.772 371884125.25234485 371889125.25234485    0.0025 30702009008  34-1934 214.08304580179546    94.28042      9.13689 1.8745673008762918e-06  77.01243702529122 
   29.0  0.0203 532.93481 476.23914    1.0 18 58 34.395 +03 23 16.563   -1.0   23.0       0.0  5.679  310505841.5607823  310510841.5607823    0.0036 90501348002  34-1934 224.18091764135502     284.679        3.439  0.0003005637910452893  65.28432999787441 
   51.0  0.0145 390.72308 557.89233    1.0 18 58 57.742 +03 26 37.266   -1.0   21.0       0.0  5.166  310545841.5607823  310550841.5607823    0.0028 90501348002  34-1934 221.94765414803126     284.679        3.439  0.0003970982905973252 161.69048203977823 
   56.0  0.0112 393.13333 575.23334    1.0 18 58 57.347 +03 27 19.892   -1.0   21.0 9.194e-07  3.819  310468341.5607823  310473341.5607823    0.0029 90501348002  34-1934 223.45110424488806     284.679        3.439 0.00015609432978284734 116.03483821561827 
   66.0 0.00661 397.66666 605.27777    1.0 18 58 56.603 +03 28 33.745   -1.0   18.0 7.272e-07  3.467  310488341.5607823  310493341.5607823    0.0019 90501348002  34-1934 243.91217290223818     284.679        3.439 0.00026116343758993387  98.83293961137528 
   84.0  0.0248 442.06931 467.15842    1.0 18 58 49.312 +03 22 54.240   -1.0   23.0       0.0  6.541  310528341.5607823  310533341.5607823    0.0038 90501348002  34-1934  227.0521559525989     284.679        3.439   7.00784286436085e-08 152.83455200226575 
  103.0   0.014 391.22916  530.6875    1.0 18 58 57.659 +03 25 30.394   -1.0   23.0       0.0  5.086  310463341.5607823  310468341.5607823    0.0028 90501348002   34-159 225.68165044226242     284.679        3.439 0.00043152143441322255  60.12579172167462 
  118.0  0.0103 390.83334 530.33337    1.0 18 58 57.724 +03 25 29.523   -1.0   23.0 2.361e-10   4.18  310490841.5607823  310495841.5607823    0.0025 90501348002  159-559  226.8246777209006     284.679        3.439 0.00029531959551695275 37.033912180158985 
  134.0  0.0122  443.2381 466.42856    1.0 18 58 49.120 +03 22 52.446   -1.0   23.0       0.0  5.034  310528341.5607823  310533341.5607823    0.0024 90501348002  159-559 227.50210614468574     284.679        3.439  0.0003073409123679969   75.1960123240421 
    3.0 0.00735 399.43903 555.60974    1.0 18 08 44.779 -36 58 36.982   -1.0   18.0 2.406e-07   3.84  303132000.6218088  303137000.6218088    0.0019 90501335002  34-1934 206.68030327316143   272.11475    -36.97897  6.786957663292825e-05 40.653452751257824 
    4.0  0.0109 454.60001 625.43335    1.0 18 08 33.458 -36 55 45.437   -1.0   23.0 5.699e-11  4.795  303132000.6218088  303137000.6218088    0.0023 90501335002  34-1934  192.3816884870573   272.11475    -36.97897  6.920623942716127e-15 127.10220293816683 
   10.0  0.0104 419.31818 596.86365    1.0 18 08 40.695 -36 56 55.615   -1.0   23.0 9.154e-08  3.963  303132000.6218088  303134500.6218088    0.0026 90501335002  34-1934 191.46116810199976   272.11475    -36.97897 1.7546793039237314e-05  80.37935774357277 
    2.0  0.0321 441.33334 654.84998    1.0 19 55 51.807 +32 14 23.936   -1.0   21.0       0.0  7.596 297338352.00754017 297343352.00754017    0.0042 90501328002  34-1934  528.9215944320141    298.9264      32.0969 0.00038099364001285835 116.72719361760079 
    4.0  0.0268 421.44681 654.91492    1.0 19 55 55.660 +32 14 24.070   -1.0   18.0       0.0  7.145 297338352.00754017 297343352.00754017    0.0038 90501328002  34-1934  542.2674923916246    298.9264      32.0969 1.3593042157076856e-09 122.80005944464972 
    6.0  0.0472 585.91663  713.5238    1.0 19 55 23.788 +32 16 48.127   -1.0   23.0       0.0   9.56 297338352.00754017 297343352.00754017    0.0049 90501328002  34-1934  700.0573830463042    298.9264      32.0969 0.00026489705459260626 161.62153471295906 
    7.0  0.0605 469.68686 665.20203    1.0 19 55 46.314 +32 14 49.406   -1.0   23.0       0.0   9.17 297295852.00754017 297300852.00754017    0.0066 90501328002  34-1934  542.8968674885549    298.9264      32.0969  7.471458413605802e-05 129.83588811177577 
   13.0   0.061 576.53333 698.63336    1.0 19 55 25.608 +32 16 11.539   -1.0   23.0       0.0  8.358 297335852.00754017 297340852.00754017    0.0073 90501328002  34-1934  657.9016087036491    298.9264      32.0969   0.000587173537460294  92.11842060171685 
   14.0  0.0244   514.125 667.42499    1.0 19 55 37.704 +32 14 54.877   -1.0   21.0       0.0   7.13 297298352.00754017 297303352.00754017    0.0034 90501328002   34-159  549.1754766884038    298.9264      32.0969 3.3289998952744776e-05  92.44257717306178 
   16.0  0.0222 437.39999 656.40002    1.0 19 55 52.569 +32 14 27.742   -1.0   21.0       0.0  6.941 297298352.00754017 297303352.00754017    0.0032 90501328002   34-159  534.8956366776117    298.9264      32.0969  0.0004364921225967618  71.29162136137622 
   23.0  0.0238 430.60001 654.51428    1.0 19 55 53.887 +32 14 23.098   -1.0   23.0       0.0  7.103 297338352.00754017 297343352.00754017    0.0033 90501328002   34-159  534.7373133943141    298.9264      32.0969 0.00015385573744157552  64.42202755994212 
   25.0  0.0649 577.69537 704.79468    1.0 19 55 25.382 +32 16 26.682   -1.0   33.0       0.0   11.8 297338352.00754017 297343352.00754017    0.0055 90501328002   34-159  673.1619741740807    298.9264      32.0969  0.0003047562570475091  97.33498139574988 
   31.0  0.0296 444.07693 657.33844    1.0 19 55 51.276 +32 14 30.056   -1.0   23.0       0.0  8.042 297300852.00754017 297305852.00754017    0.0037 90501328002   34-159   533.407827859932    298.9264      32.0969 2.7123645808735466e-05  78.83890506805116 
   37.0  0.0175 423.89999 654.34998    1.0 19 55 55.185 +32 14 22.685   -1.0   21.0 1.181e-13  4.549 297335852.00754017 297340852.00754017    0.0038 90501328002   34-159  539.0963297482978    298.9264      32.0969  3.487134874444917e-05 36.797204209592394 
   38.0  0.0548 574.36536 698.71155    1.0 19 55 26.028 +32 16 11.734   -1.0   31.0       0.0  8.155 297335852.00754017 297340852.00754017    0.0067 90501328002   34-159  656.3847494312361    298.9264      32.0969 0.00018768302693165933 59.895189520232506 
   40.0  0.0791 548.23602  694.8385    1.0 19 55 31.093 +32 16 02.243   -1.0   33.0       0.0  11.04 297340852.00754017 297345852.00754017    0.0072 90501328002   34-159  629.7740156665756    298.9264      32.0969   0.000663496303596483  82.66174015022031 
   65.0  0.0145 448.78723 659.59576    1.0 19 55 50.363 +32 14 35.609   -1.0   21.0       0.0   5.72 297315852.00754017 297320852.00754017    0.0025 90501328002  159-559  536.5128265659374    298.9264      32.0969  0.0006465405640593475   51.2058345988209 
   66.0  0.0246     561.0 701.47498    1.0 19 55 28.618 +32 16 18.543   -1.0   26.0       0.0  7.634 297315852.00754017 297320852.00754017    0.0032 90501328002  159-559  653.3253380785691    298.9264      32.0969  0.0008950961856211852  70.67643440839464 
   46.0  0.0192 574.10718 550.71429    1.0 16 59 06.164 -37 06 08.988   -1.0   18.0 1.038e-05  3.586 246742073.26150826 246747073.26150826    0.0053 90301324001  34-1934 327.50236649151987    254.8874    -37.12088  3.603035731288148e-05  8.176588248518602 
  112.0  0.0167 570.70587 629.15686    1.0 16 59 06.873 -37 02 56.173   -1.0   18.0 1.243e-06  4.065 246777073.26150826 246782073.26150826    0.0041 90301324001  34-1934  405.7711520684141    254.8874    -37.12088  0.0008950961856211506 36.611526043828974 
  117.0  0.0147 574.96802 565.04004    1.0 16 59 05.989 -37 05 33.772   -1.0   18.0 8.227e-05  3.375 246782073.26150826 246787073.26150826    0.0043 90301324001  34-1934 338.40609442816924    254.8874    -37.12088  3.059286432850338e-07 18.511514986643945 
  181.0  0.0255 573.32788 631.60657    1.0 16 59 06.335 -37 02 50.148   -1.0   18.0 5.312e-07  4.158 246744573.26150826 246749573.26150826    0.0061 90301324001  34-1934 414.57563456378756    254.8874    -37.12088 1.8858996482033337e-05 12.616081619824548 
  188.0  0.0221 561.38635 523.30682    1.0 16 59 08.775 -37 07 16.377   -1.0   18.0 6.815e-08  4.357 246754573.26150826 246759573.26150826    0.0051 90301324001  34-1934 289.48375264864274    254.8874    -37.12088  4.747462515098289e-05 12.449204062401211 
  196.0  0.0266 570.69116 620.52942    1.0 16 59 06.875 -37 03 17.381   -1.0   18.0       0.0  5.043 246764573.26150826 246769573.26150826    0.0053 90301324001  34-1934  392.5463804331977    254.8874    -37.12088  5.736599740829648e-09  7.014093609173537 
  229.0 0.00916 579.82141 542.82141    1.0 16 59 04.989 -37 06 28.380   -1.0   18.0  3.89e-06  3.637 246717073.26150826 246722073.26150826    0.0025 90301324001   34-159  338.0440515542194    254.8874    -37.12088  7.538878808369602e-06                1.0 
  269.0  0.0218 564.62158 624.24323    1.0 16 59 08.122 -37 03 08.261   -1.0   18.0       0.0  5.233 246757073.26150826 246762073.26150826    0.0042 90301324001   34-159  386.5453462898597    254.8874    -37.12088  0.0007506579451211483 14.786486525301289 
  289.0  0.0129  569.9375 526.95837    1.0 16 59 07.018 -37 07 07.389   -1.0   18.0 1.728e-06  3.825 246772073.26150826 246777073.26150826    0.0034 90301324001   34-159 310.59776506885794    254.8874    -37.12088 0.00041905732981286855  8.941474498534518 
  332.0  0.0228 573.53845 535.56921    1.0 16 59 06.279 -37 06 46.217   -1.0   18.0       0.0  5.385 246734573.26150826 246739573.26150826    0.0042 90301324001   34-159 320.66014371880385    254.8874    -37.12088 3.9811079359610425e-08    1.2621605449878 
  370.0  0.0107 565.45459 505.20456    1.0 16 59 07.936 -37 08 00.869   -1.0   18.0 3.031e-05    3.4 246794573.26150826 246799573.26150826    0.0032 90301324001   34-159    302.96086198583    254.8874    -37.12088  6.480725140099539e-07 2.4958317694365455 
  334.0  0.0261 392.72476 403.61469    1.0 20 32 23.229 +41 23 13.576   -1.0   21.0       0.0  8.332 211151909.02212456 211156909.02212456    0.0031 90201036002   34-159   275.325986211302 308.0547042   41.4567667 0.00017863020435350866  136.7842580541971 
    1.0    1.19 388.54904 583.43823    1.0 14 13 08.448 -65 20 19.169   -1.0   97.0       0.0  64.71 209631161.78963217 209636161.78963217     0.018 90201034002  34-1934 268.04323069407536    213.1625  -65.3927778  7.954990280576234e-13  554.9455899835866 
    2.0 0.00932 387.85715 620.66669    1.0 14 13 08.677 -65 18 47.653   -1.0   21.0       0.0  5.253 209631161.78963217 209636161.78963217    0.0018 90201034002  34-1934 341.23972095787997    213.1625  -65.3927778 2.9429020392999874e-06  32.68509712915322 
    8.0 0.00634 353.39999 580.20001    1.0 14 13 22.257 -65 20 26.839   -1.0   18.0 2.554e-09  3.777 209638661.78963217 209643661.78963217    0.0017 90201034002  34-1934  328.8679855004266    213.1625  -65.3927778   6.05652123208035e-08   69.9194808215599 
   11.0  0.0124     394.5   616.875    1.0 14 13 06.075 -65 18 57.020   -1.0   18.0 2.247e-09  3.822 209683661.78963217 209688661.78963217    0.0032 90201034002  34-1934  324.6348503108903    213.1625  -65.3927778  9.986186742807126e-06 49.335974199242195 
   14.0   0.421 388.62051 583.39294    1.0 14 13 08.420 -65 20 19.281   -1.0   97.0       0.0  38.77 209631161.78963217 209636161.78963217     0.011 90201034002   34-159 267.84151887835503    213.1625  -65.3927778 2.3093304911422534e-07 214.40894842193734 
   16.0   0.561 388.32141 582.97913    1.0 14 13 08.538 -65 20 20.296   -1.0   97.0       0.0  44.64 209631161.78963217 209636161.78963217     0.013 90201034002  159-559 267.61239266608465    213.1625  -65.3927778  7.415383142946848e-06  253.2530594026112 
   18.0  0.0064    354.25    588.75    1.0 14 13 21.911 -65 20 05.830   -1.0   26.0 2.719e-08  3.384 209658661.78963217 209663661.78963217    0.0019 90201034002  159-559 339.57358539754046    213.1625  -65.3927778   3.26261217889729e-05  5.706712663738612 
   23.0 0.00847 519.65002 672.34998    1.0 20 32 03.902 +37 46 20.061   -1.0   18.0 7.251e-07  3.491 207194944.31938586 207199944.31938586    0.0024 90201029002  34-1934  503.5873274800864  308.063667    37.637472  2.043411542890906e-05  60.56450915594327 
   34.0  0.0097 516.11108 670.88892    1.0 20 32 04.636 +37 46 16.471   -1.0   23.0 1.525e-10  4.176 207157444.31938586 207162444.31938586    0.0023 90201029002   34-159  497.8484300241973  308.063667    37.637472  5.140809516487097e-05  39.68331531846212 
   36.0 0.00876 522.65002 670.45001    1.0 20 32 03.280 +37 46 15.389   -1.0   21.0 1.017e-12  4.618 207177444.31938586 207182444.31938586    0.0019 90201029002   34-159 501.13622157178247  308.063667    37.637472  3.859365938909995e-05 60.925482140534214 
   41.0 0.00868     506.0 675.69232    1.0 20 32 06.732 +37 46 28.281   -1.0   23.0 8.732e-10  3.835 207227444.31938586 207232444.31938586    0.0023 90201029002   34-159 503.68607871694854  308.063667    37.637472  0.0009548944383031148  39.63234806613073 
   50.0  0.0107 528.83997 670.67999    1.0 20 32 01.997 +37 46 15.951   -1.0   18.0       0.0  5.298 207229944.31938586 207234944.31938586     0.002 90201029002   34-159 506.20858456771873  308.063667    37.637472  4.330194552427901e-07  71.03250773589679 
  147.0  0.0059 651.64288 597.85718    1.0 20 31 36.559 +37 43 16.695   -1.0   18.0 2.747e-09  3.811 207242444.31938586 207247444.31938586    0.0015 90201029002 559-1934  549.9053121066041  308.063667    37.637472  7.484764699487946e-05 40.169820534832354 
    8.0    0.05 538.63538 334.22919    1.0 17 28 04.900 -14 23 55.426   -1.0   26.0       0.0  11.81 175173037.82624784 175178037.82624784    0.0042 90101008002  34-1934  526.1840657771797  262.082483   -14.265519  0.0001163750734964815  152.9833326376708 
   25.0  0.0389 561.53662 330.98779    1.0 17 28 01.025 -14 24 03.385   -1.0   26.0       0.0  10.22 175178037.82624784 175183037.82624784    0.0038 90101008002  34-1934  558.6802072222625  262.082483   -14.265519 0.00022996342564202908 118.42417126526169 
   40.0  0.0472 556.20001  327.9375    1.0 17 28 01.928 -14 24 10.885   -1.0   26.0       0.0  11.47 175183037.82624784 175188037.82624784    0.0041 90101008002  34-1934  559.0202977565078  262.082483   -14.265519 0.00042693266829972414  131.3642950770469 
   47.0  0.0281 504.68967 372.75861    1.0 17 28 10.643 -14 22 20.722   -1.0   23.0       0.0  7.678 175188037.82624784 175193037.82624784    0.0037 90101008002  34-1934 407.22202991522255  262.082483   -14.265519  0.0008145145282910798  92.68420251647166 
   55.0  0.0277 564.34143 331.78049    1.0 17 28 00.551 -14 24 01.435   -1.0   23.0       0.0  7.615 175188037.82624784 175193037.82624784    0.0036 90101008002  34-1934  560.3859677101444  262.082483   -14.265519  6.512652916881948e-05  87.50079102117195 
  142.0  0.0111 587.09521 317.90475    1.0 17 27 56.700 -14 24 35.530   -1.0   18.0 1.829e-10  4.278 175228037.82624784 175233037.82624784    0.0026 90101008002  34-1934  618.6629911144628  262.082483   -14.265519  0.0006465405640593475  51.27206597876687 
  186.0 0.00615 401.20001 415.29999    1.0 17 28 28.148 -14 20 36.114   -1.0   18.0 3.479e-05  3.038 175268037.82624784 175273037.82624784     0.002 90101008002  34-1934 305.41626317509787  262.082483   -14.265519   0.000723758523348843  7.065488843923426 
  301.0  0.0195 420.71579 340.17896    1.0 17 28 24.850 -14 23 40.782   -1.0   21.0       0.0  6.709 175173037.82624784 175178037.82624784    0.0029 90101008002   34-159 470.69457812249476  262.082483   -14.265519  0.0009023705312187805 115.46214270361224 
  325.0  0.0292 557.69354 327.91937    1.0 17 28 01.675 -14 24 10.929   -1.0   26.0       0.0  8.525 175183037.82624784 175188037.82624784    0.0034 90101008002   34-159  560.7767197290096  262.082483   -14.265519  0.0006897517989442339  94.11238016551667 
  430.0  0.0333     560.0 326.14285    1.0 17 28 01.285 -14 24 15.295   -1.0   31.0       0.0   9.16 175248037.82624784 175253037.82624784    0.0036 90101008002   34-159    567.30056052613  262.082483   -14.265519  0.0005182553080830425  76.01800895920564 
  520.0  0.0101 437.07999    407.72    1.0 17 28 22.080 -14 20 54.768   -1.0   23.0  5.04e-06  3.571 175185537.82624784 175190537.82624784    0.0028 90101008002   34-159  300.7531990061175  262.082483   -14.265519  0.0001501282554377736  4.688963130276621 
    5.0  0.0107 558.11108 386.18518    1.0 17 28 06.574 -14 22 01.385   -1.0   21.0 9.622e-10  4.577 175434218.26881728 175439218.26881728    0.0023 90101008004  34-1934 412.98273445528815  262.082483   -14.265519 0.00016376223468375786 16.654398306735423 
   17.0 0.00985 520.51355 398.97296    1.0 17 28 12.935 -14 21 29.963   -1.0   23.0 4.581e-09  4.382 175439218.26881728 175444218.26881728    0.0022 90101008004  34-1934 348.68406113956144  262.082483   -14.265519  0.0005587088576447647               10.0 
   22.0 0.00522 596.61292 356.19354    1.0 17 28 00.060 -14 23 15.086   -1.0   18.0 5.632e-05  3.062 175439218.26881728 175444218.26881728    0.0017 90101008004  34-1934  524.6098359048722  262.082483   -14.265519  0.0005088483883044985 11.913006463796433 
   95.0  0.0208 589.72729 343.40909    1.0 17 28 01.224 -14 23 46.516   -1.0   23.0       0.0  5.007 175474218.26881728 175479218.26881728    0.0042 90101008004  34-1934  542.5785724007064  262.082483   -14.265519 0.00031878066804834934  56.91509535543767 
  384.0  0.0124 421.14706 419.73529    1.0 17 28 29.742 -14 20 38.905   -1.0   23.0       0.0  5.017 175496718.26881728 175501718.26881728    0.0025 90101008004   34-159  317.8240027969782  262.082483   -14.265519  0.0004588919691109374  6.707462745139136 
   18.0 0.00649  461.0625  434.9375    1.0 18 04 23.069 -34 21 58.904   -1.0   21.0 1.854e-06  3.494  166744788.0297548  166749788.0297548    0.0019 90101003002  159-559 183.38925385577664   271.03791   -34.349444 0.00013279390682548485  27.00891936322058 
    8.0  0.0333 675.26471 482.91177    1.0 18 36 29.587 -28 54 47.667   -1.0   26.0       0.0  7.154 165234590.11408854 165239590.11408854    0.0047 90001009002  34-1934  361.4969092173604    279.2368     -28.9277  0.0008511605343156348  66.97232913629614 
   11.0   0.034 673.03656 479.81708    1.0 18 36 30.003 -28 54 55.280   -1.0   26.0       0.0  7.858 165239590.11408854 165244590.11408854    0.0043 90001009002  34-1934  355.0567462206242    279.2368     -28.9277  2.971268842208897e-06  95.40151620172858 
   13.0  0.0391 663.74359 468.60257    1.0 18 36 31.741 -28 55 22.872   -1.0   26.0       0.0  9.134 165244590.11408854 165249590.11408854    0.0043 90001009002  34-1934  329.8659688125119    279.2368     -28.9277 0.00019632268560193045  89.04765010171614 
   14.0  0.0193 619.46295 386.25925    1.0 18 36 40.019 -28 58 45.381   -1.0   21.0       0.0  6.287 165244590.11408854 165249590.11408854    0.0031 90001009002  34-1934 288.41790681779844    279.2368     -28.9277  2.596420103114358e-05  72.95359497691626 
   15.0  0.0185 679.84375  491.8125    1.0 18 36 28.731 -28 54 25.775   -1.0   23.0       0.0  6.022 165244590.11408854 165249590.11408854    0.0031 90001009002  34-1934  376.3145819834362    279.2368     -28.9277  0.0001598500009531866  77.61617675414965 
   18.0  0.0261 666.63159 471.55264    1.0 18 36 31.200 -28 55 15.612   -1.0   26.0       0.0  6.228 165254590.11408854 165259590.11408854    0.0042 90001009002  34-1934  337.4033068322431    279.2368     -28.9277   0.000671402737108996  71.11497140953324 
   22.0  0.0263 671.94739 469.07895    1.0 18 36 30.205 -28 55 21.678   -1.0   26.0       0.0  7.201 165259590.11408854 165264590.11408854    0.0037 90001009002  34-1934  350.0669894618609    279.2368     -28.9277 0.00026930629929855857  81.85608305211667 
   25.0  0.0208 635.11108 414.17776    1.0 18 36 37.092 -28 57 36.722   -1.0   23.0       0.0  7.403 165264590.11408854 165269590.11408854    0.0028 90001009002  34-1934  284.3359423804376    279.2368     -28.9277  1.614765312606523e-05 110.23203528218019 
   26.0  0.0105 611.67859 386.82144    1.0 18 36 41.477 -28 58 44.014   -1.0   21.0       0.0  5.028 165264590.11408854 165269590.11408854    0.0021 90001009002  34-1934 273.12765950934715    279.2368     -28.9277  0.0001534195451976093 13.803221159254102 
   27.0  0.0304 660.46033 457.82541    1.0 18 36 32.353 -28 55 49.372   -1.0   26.0       0.0  8.939 165264590.11408854 165269590.11408854    0.0034 90001009002  34-1934  321.5358350720867    279.2368     -28.9277 4.8781763718018455e-06 128.34598832432928 
   29.0  0.0207 682.01923 486.07693    1.0 18 36 28.323 -28 54 39.867   -1.0   26.0       0.0   7.33 165269590.11408854 165274590.11408854    0.0028 90001009002  34-1934  379.0836589671131    279.2368     -28.9277  5.986070494468108e-07 113.76967881459093 
   30.0   0.021 633.49207 426.58731    1.0 18 36 37.397 -28 57 06.222   -1.0   26.0       0.0  7.394 165274590.11408854 165279590.11408854    0.0028 90001009002  34-1934  269.4163618592083    279.2368     -28.9277 2.1379710275614108e-05 116.79176731894316 
   32.0  0.0122 682.28204 496.10257    1.0 18 36 28.276 -28 54 15.222   -1.0   23.0       0.0  5.387 165274590.11408854 165279590.11408854    0.0023 90001009002  34-1934 384.35993629827436    279.2368     -28.9277   0.000523505335866716   69.4592412767364 
   33.0  0.0268 635.15912 421.17044    1.0 18 36 37.084 -28 57 19.534   -1.0   26.0       0.0  7.863 165279590.11408854 165284590.11408854    0.0034 90001009002  34-1934  277.8076729472476    279.2368     -28.9277 1.8095039300124831e-09 113.75693659047437 
   34.0  0.0262 666.96704 478.86813    1.0 18 36 31.139 -28 54 57.629   -1.0   26.0       0.0  7.644 165279590.11408854 165284590.11408854    0.0034 90001009002  34-1934  339.9644987557709    279.2368     -28.9277  6.942708724334043e-05  91.15032910852842 
   36.0   0.055 654.04547 462.80682    1.0 18 36 33.555 -28 55 37.143   -1.0   33.0       0.0  11.15 165284590.11408854 165289590.11408854    0.0049 90001009002  34-1934 305.62578757850173    279.2368     -28.9277 1.0380286594239196e-06 104.09326365915234 
   38.0  0.0254  680.9375  479.4375    1.0 18 36 28.524 -28 54 56.190   -1.0   26.0       0.0  6.513 165289590.11408854 165294590.11408854    0.0039 90001009002  34-1934 374.22288082311024    279.2368     -28.9277  6.164153615304191e-05  65.40816168026583 
   41.0  0.0288 647.37286 423.44067    1.0 18 36 34.797 -28 57 13.925   -1.0   26.0       0.0  7.516 165299590.11408854 165304590.11408854    0.0038 90001009002  34-1934 304.23154359620105    279.2368     -28.9277  6.786957663292923e-05  84.00579607858563 
   44.0  0.0301     642.0 423.77084    1.0 18 36 35.804 -28 57 13.126   -1.0   26.0       0.0  7.713 165309590.11408854 165314590.11408854    0.0039 90001009002  34-1934  291.4347276620754    279.2368     -28.9277 2.5203934223754423e-05 100.18257475484634 
   57.0  0.0216 648.42108 437.50876    1.0 18 36 34.604 -28 56 39.342   -1.0   21.0       0.0  7.039 165252090.11408854 165257090.11408854    0.0031 90001009002  34-1934 297.85166281932214    279.2368     -28.9277  0.0004501130012594752  97.60472395567255 
   58.0  0.0222 638.43396 407.39624    1.0 18 36 36.469 -28 57 53.385   -1.0   26.0       0.0  6.813 165272090.11408854 165277090.11408854    0.0033 90001009002  34-1934 298.87540720593745    279.2368     -28.9277  7.120292604677942e-05  91.67905955957978 
   68.0  0.0329 623.84375  398.4375    1.0 18 36 39.200 -28 58 15.437   -1.0   36.0       0.0   7.97 165239590.11408854 165244590.11408854    0.0041 90001009002   34-159  278.9731759299174    279.2368     -28.9277  8.143178727129894e-07 59.138956476840335 
   69.0  0.0312  669.0351 474.75439    1.0 18 36 30.751 -28 55 07.736   -1.0   36.0       0.0  7.609 165239590.11408854 165244590.11408854    0.0041 90001009002   34-159  343.9293684197024    279.2368     -28.9277 0.00011888493425001427 57.652708330707064 
   72.0 0.00984 687.18182 491.13635    1.0 18 36 27.357 -28 54 27.415   -1.0   26.0 5.723e-13  4.409 165244590.11408854 165249590.11408854    0.0022 90001009002   34-159 393.71407586975107    279.2368     -28.9277 1.4373312796093943e-06  63.42829268578777 
   73.0  0.0595 653.35297 460.92941    1.0 18 36 33.684 -28 55 41.760   -1.0   45.0       0.0  9.846 165249590.11408854 165254590.11408854     0.006 90001009002   34-159 303.92663180957237    279.2368     -28.9277  0.0007466422170495787  52.70569194317912 
   78.0  0.0104 689.89471 496.10526    1.0 18 36 26.851 -28 54 15.193   -1.0   31.0 1.817e-09  3.905 165254590.11408854 165259590.11408854    0.0027 90001009002   34-159 402.63971147087426    279.2368     -28.9277  0.0006178619385800407  30.96782845215276 
   80.0  0.0203 628.28125 399.09375    1.0 18 36 38.369 -28 58 13.815   -1.0   33.0       0.0  6.502 165259590.11408854 165264590.11408854    0.0031 90001009002   34-159  287.2139778903138    279.2368     -28.9277  3.143843804106369e-05  54.13119818703073 
   81.0  0.0229 638.51166 416.13953    1.0 18 36 36.456 -28 57 31.893   -1.0   33.0       0.0  8.135 165264590.11408854 165269590.11408854    0.0028 90001009002   34-159  290.0645313919842    279.2368     -28.9277  0.0008058637088837087   69.2812014552327 
   83.0  0.0521 656.09344  457.1402    1.0 18 36 33.171 -28 55 51.067   -1.0   45.0       0.0   12.2 165264590.11408854 165269590.11408854    0.0043 90001009002   34-159  310.8585868134658    279.2368     -28.9277 4.2005731798894196e-05  84.68481979578576 
   86.0 0.00674 616.33331 387.09525    1.0 18 36 40.605 -28 58 43.332   -1.0   26.0 3.935e-13  4.341 165269590.11408854 165274590.11408854    0.0016 90001009002   34-159  281.2341570682073    279.2368     -28.9277  0.0002413794852465297  52.80585802891119 
   87.0 0.00739 605.47058 382.11765    1.0 18 36 42.640 -28 58 55.587   -1.0   26.0 2.052e-13  4.489 165274590.11408854 165279590.11408854    0.0016 90001009002   34-159 270.32803538540907    279.2368     -28.9277  0.0007104799414886787 3.7935271001858633 
   88.0  0.0166 623.82141     389.5    1.0 18 36 39.203 -28 58 37.406   -1.0   33.0       0.0  5.519 165289590.11408854 165294590.11408854     0.003 90001009002   34-159 291.77064161857004    279.2368     -28.9277 0.00011754294635755504 39.548938206011485 
   91.0   0.013 691.79999 496.60001    1.0 18 36 26.494 -28 54 13.971   -1.0   31.0       0.0   5.22 165294590.11408854 165299590.11408854    0.0025 90001009002   34-159 407.47986581724325    279.2368     -28.9277  0.0004305825652340507 41.167936703609165 
   94.0  0.0294 675.97778  474.9111    1.0 18 36 29.451 -28 55 07.331   -1.0   38.0       0.0  7.769 165299590.11408854 165304590.11408854    0.0038 90001009002   34-159  360.9630041649924    279.2368     -28.9277  0.0006465405640593475 51.128560801829906 
   98.0   0.037 642.49152 420.96609    1.0 18 36 35.711 -28 57 20.019   -1.0   38.0       0.0  8.865 165309590.11408854 165314590.11408854    0.0042 90001009002   34-159 294.86230408290896    279.2368     -28.9277  7.832721282069905e-05  66.03418059854633 
  102.0   0.046 641.82092 426.04477    1.0 18 36 35.838 -28 57 07.537   -1.0   45.0       0.0  9.492 165319590.11408854 165324590.11408854    0.0048 90001009002   34-159  289.2681020969654    279.2368     -28.9277  6.927552400305898e-05  60.83170522879531 
  108.0  0.0103 687.18182 491.13635    1.0 18 36 27.357 -28 54 27.415   -1.0   26.0  1.79e-13  4.455 165247090.11408854 165252090.11408854    0.0023 90001009002   34-159 393.71407586975107    279.2368     -28.9277  6.048636562651734e-06  58.48567697353045 
  110.0    0.03  670.6875 485.41666    1.0 18 36 30.444 -28 54 41.522   -1.0   38.0       0.0  7.441 165327090.11408854 165332090.11408854     0.004 90001009002   34-159 351.33388822463985    279.2368     -28.9277  0.0006475037539535032  43.27625478801953 
  128.0 0.00441 690.66669     494.5    1.0 18 36 26.706 -28 54 19.136   -1.0   23.0 2.058e-08  3.398 165264590.11408854 165269590.11408854    0.0013 90001009002  159-559  403.6939702610944    279.2368     -28.9277  0.0009856482231633012 27.981113904386028 
  134.0  0.0142 654.79169 460.91666    1.0 18 36 33.415 -28 55 41.787   -1.0   33.0       0.0  5.504 165284590.11408854 165289590.11408854    0.0026 90001009002  159-559 307.45826894249154    279.2368     -28.9277  0.0006830628595369194  35.14163769832351 
  135.0  0.0128 674.67859 487.78571    1.0 18 36 29.697 -28 54 35.688   -1.0   31.0       0.0  5.254 165284590.11408854 165289590.11408854    0.0024 90001009002  159-559 361.99855331008365    279.2368     -28.9277  0.0003877244186714855  31.19127042647743 
    1.0    1.68 441.16782 488.46414    1.0 14 13 08.468 -65 20 08.833   -1.0   97.0       0.0  53.34 344067253.22576606 344072253.22576606     0.032 80601502001  34-1934  275.7435291967451    213.1625    -65.39278 1.2011213319620513e-21  475.4322735347285 
    6.0  0.0245 430.16843 525.90527    1.0 14 13 12.760 -65 18 36.754   -1.0   26.0       0.0  7.793 344097253.22576606 344102253.22576606    0.0031 80601502001  34-1934  364.6210988627125    213.1625    -65.39278  4.348226433230019e-05   46.4691398768895 
   11.0  0.0158 422.22858 522.82861    1.0 14 13 15.878 -65 18 44.279   -1.0   23.0       0.0  5.721 344127253.22576606 344132253.22576606    0.0028 80601502001  34-1934 370.33160023183717    213.1625    -65.39278  5.534211569276655e-08  52.22810213502107 
   19.0  0.0149 405.69388 490.69388    1.0 14 13 22.396 -65 20 03.178   -1.0   21.0       0.0  6.361 344094753.22576606 344099753.22576606    0.0023 80601502001  34-1934 343.60321241773113    213.1625    -65.39278   2.44044033387613e-06 42.595316696392764 
   22.0  0.0111 405.30768 479.53845    1.0 14 13 22.559 -65 20 30.597   -1.0   18.0 2.775e-08  3.633 344154753.22576606 344159753.22576606     0.003 80601502001  34-1934  328.3082253973619    213.1625    -65.39278 2.3597418288574514e-05 26.627003468211683 
   25.0  0.0122 406.86667 494.62222    1.0 14 13 21.932 -65 19 53.529   -1.0   21.0       0.0  5.558 344184753.22576606 344189753.22576606    0.0022 80601502001  34-1934  347.3703676071084    213.1625    -65.39278  6.372798196568815e-05  49.94337196737359 
   27.0   0.646 440.09436 488.61868    1.0 14 13 08.889 -65 20 08.449   -1.0   97.0       0.0   33.2 344067253.22576606 344072253.22576606     0.019 80601502001   34-159  277.7934321866077    213.1625    -65.39278 3.5777920537622942e-06 162.99537081203317 
   29.0  0.0122  437.4762 529.38098    1.0 14 13 09.891 -65 18 28.241   -1.0   31.0       0.0  5.409 344087253.22576606 344092253.22576606    0.0023 80601502001   34-159  361.7010171212475    213.1625    -65.39278  0.0008048038016165156  4.085545924197909 
   31.0 0.00777 406.27274 482.90909    1.0 14 13 22.176 -65 20 22.317   -1.0   23.0 1.423e-11  4.153 344137253.22576606 344142253.22576606    0.0019 80601502001   34-159 331.05910462694385    213.1625    -65.39278  5.895819966689295e-05   8.62196267809873 
   36.0   0.815 441.66794 488.45364    1.0 14 13 08.271 -65 20 08.861   -1.0   97.0       0.0  37.53 344067253.22576606 344072253.22576606     0.022 80601502001  159-559  274.9011833883619    213.1625    -65.39278  4.216056411228327e-14 244.81978270584477 
   39.0 0.00547 406.16666     488.0    1.0 14 13 22.213 -65 20 09.802   -1.0   21.0 1.327e-10  3.833 344092253.22576606 344097253.22576606    0.0014 80601502001  159-559  338.6580604519241    213.1625    -65.39278 3.4095491644145175e-07 16.612891370403986 
   10.0   0.105 407.32184 488.73563    1.0 19 58 35.070 +35 09 55.232   -1.0   18.0       0.0  7.495  306608084.5062001 306608776.99816734     0.014 80502335004  34-1934  209.7542806342939   299.59033     35.20161  0.0004707078409722381 260.48167203907485 
   24.0  0.0102 427.53125  488.5625    1.0 19 58 31.019 +35 09 54.841   -1.0   23.0       0.0   5.12  306598084.5062001  306603084.5062001     0.002 80502335004 559-1934 173.95774626135636   299.59033     35.20161 0.00041032789157109873  37.53345664808727 
    6.0   0.135 593.68085 479.35461    1.0 16 30 58.183 -47 46 27.478   -1.0   33.0       0.0  12.26 286522768.00282335 286527768.00282335     0.011 80401316004  159-559  189.3712002329214     247.806      -47.805 3.1233602449471453e-06 207.26601339777235 
    8.0  0.0352 604.98334 421.01666    1.0 16 30 55.407 -47 48 50.842   -1.0   21.0       0.0  6.033 286522768.00282335 286527768.00282335    0.0058 80401316004  159-559  184.6378383675584     247.806      -47.805  3.912023863552825e-14   145.705922131437 
   25.0  0.0245 447.79999 431.32001    1.0 17 02 48.019 -48 50 44.605   -1.0   21.0       0.0  5.036 247362531.55959526 247367531.55959526    0.0049 80302304005  34-1934 202.08566580304466   255.70579    -48.78972  0.0002769999338864449  77.61140881848559 
   38.0  0.0169 457.26001 429.51999    1.0 17 02 45.664 -48 50 49.045   -1.0   21.0       0.0  5.381 247360031.55959526 247365031.55959526    0.0031 80302304005   34-159 209.33401561723184   255.70579    -48.78972  0.0007959279937815271  43.39654425699001 
    8.0  0.0374 618.55072 477.96378    1.0 17 58 41.743 -23 45 38.387   -1.0   21.0       0.0  6.521 272242650.28312284 272247650.28312284    0.0057 80301311002  34-1934 409.16309565347825   269.78662   -23.712973  0.0007321031597699629 166.10093425293567 
   19.0  0.0327 627.71014 466.30435    1.0 17 58 40.102 -23 46 07.032   -1.0   18.0 2.173e-07  4.111 272257650.28312284 272262650.28312284     0.008 80301311002  34-1934 441.93557759124155   269.78662   -23.712973  0.0004501130012594752  97.76378026918755 
   39.0  0.0363 631.79999 463.01666    1.0 17 58 39.369 -23 46 15.107   -1.0   18.0 2.022e-10   4.99 272292650.28312284  272293959.9208051    0.0073 80301311002  34-1934 454.57177588173414   269.78662   -23.712973  0.0003627742940486633 107.13752987179353 
   42.0  0.0314 646.82611 438.76086    1.0 17 58 36.675 -23 47 14.703   -1.0   18.0  2.39e-08  4.463 272292650.28312284  272293959.9208051     0.007 80301311002  34-1934  516.0031053594282   269.78662   -23.712973  0.0005498217465757407 108.65118987114641 
   44.0  0.0231 586.96875  511.5625    1.0 17 58 47.400 -23 44 15.839   -1.0   18.0 5.711e-06  3.865 272232650.28312284 272235150.28312284     0.006 80301311002  34-1934  306.9736575365919   269.78662   -23.712973 0.00011482919925529437 185.86350995109777 
   66.0  0.0447 612.41235 483.12372    1.0 17 58 42.843 -23 45 25.712   -1.0   21.0       0.0  6.508 272260150.28312284 272265150.28312284    0.0069 80301311002  34-1934 390.17281474386044   269.78662   -23.712973  6.775297868585207e-05 195.71331803827553 
   78.0  0.0217 626.88605 469.08862    1.0 17 58 40.249 -23 46 00.190   -1.0   18.0       0.0  5.183 272237650.28312284 272242650.28312284    0.0042 80301311002   34-159  437.0680225931097   269.78662   -23.712973 4.5769007277020405e-05 131.25472022435062 
   98.0  0.0157 630.57141 462.61905    1.0 17 58 39.589 -23 46 16.086   -1.0   18.0 1.396e-06  3.927 272252650.28312284 272257650.28312284     0.004 80301311002   34-159  452.3414210010161   269.78662   -23.712973  3.798651867608238e-05 114.56464860825363 
  102.0  0.0183 638.02271 445.97726    1.0 17 58 38.252 -23 46 56.981   -1.0   18.0 3.018e-08  4.437 272252650.28312284 272257650.28312284    0.0041 80301311002   34-159 488.31857605668057   269.78662   -23.712973  0.0006919150019986633 111.87168328354032 
  129.0   0.022 632.15002 456.79999    1.0 17 58 39.305 -23 46 30.387   -1.0   18.0       0.0  5.402 272287650.28312284 272292650.28312284    0.0041 80301311002   34-159  462.5406276855447   269.78662   -23.712973 0.00012314348556180833 131.16256224531514 
  239.0  0.0118 606.60974 652.70734    1.0 17 45 25.839 -28 52 18.288   -1.0   18.0  1.34e-06  3.933 105455448.49824761 105460448.49824761     0.003 80002013004   34-159  524.0996786436953   266.41684    -29.00781 0.00033007326853962875  110.7399244800828 
  115.0  0.0136 606.30615 647.46936    1.0 17 45 25.703 -28 52 38.723   -1.0   18.0 1.763e-05  3.596 106046652.36337782 106051380.46616428    0.0038 80002013006  34-1934  505.7139451402992   266.41684    -29.00781   0.000962742683385859 116.02842823851913 
  136.0   0.016 599.77588 658.84485    1.0 17 45 26.927 -28 52 10.772   -1.0   18.0       0.0   5.14 105984152.36337782 105989152.36337782    0.0031 80002013006   34-159  526.2872028103865   266.41684    -29.00781  0.0001503058216101005 138.09090864335838 
    4.0  0.0256 416.75797 589.42676    1.0 17 46 00.246 -28 54 54.952   -1.0   18.0       0.0  6.151 106596105.66542426 106601105.66542426    0.0042 80002013008  34-1934 425.77591580956624   266.41684    -29.00781 0.00019389503759516797 218.16407312803702 
   64.0  0.0128 598.95996 651.94666    1.0 17 45 26.143 -28 52 21.250   -1.0   18.0 2.925e-05   3.53 106646105.66542426 106651105.66542426    0.0036 80002013008  34-1934  519.9183582123841   266.41684    -29.00781 0.00031898713487531444 145.64863840651316 
   28.0  0.0151 548.98633 614.86304    1.0 17 45 34.916 -28 53 49.945   -1.0   18.0 2.008e-07  4.379 107356408.31019098 107361408.31019098    0.0034 80002013010  34-1934 403.79957200595106   266.41684    -29.00781  0.0007312386859619174 200.22685303145306 
   42.0  0.0172 595.08569 658.85712    1.0 17 45 26.293 -28 52 01.749   -1.0   18.0 2.636e-07  4.267 107361408.31019098 107366408.31019098     0.004 80002013010  34-1934  537.5596546569091   266.41684    -29.00781  0.0005644149087465662 145.82261867220186 
   67.0   0.033 394.80597  593.9552    1.0 17 46 03.779 -28 54 41.267   -1.0   18.0       0.0  6.849 107376408.31019098 107381408.31019098    0.0048 80002013010  34-1934  466.1888622489454   266.41684    -29.00781  0.0006821703663363848 181.73501447694733 
  176.0  0.0199 594.29626 655.62964    1.0 17 45 26.440 -28 52 09.684   -1.0   18.0       0.0  6.284 107346408.31019098 107351408.31019098    0.0032 80002013010   34-159  529.4374467843601   266.41684    -29.00781  0.0001120020744383165 134.95106485351909 
  195.0  0.0174 398.16071 586.36609    1.0 17 46 03.151 -28 54 59.927   -1.0   18.0       0.0  5.522 107356408.31019098 107361408.31019098    0.0031 80002013010   34-159  446.8386893186648   266.41684    -29.00781  0.0009205791621616711  155.2053955050019 
   24.0  0.0251 461.25565  567.4624    1.0 17 45 55.399 -28 57 52.107   -1.0   21.0 1.593e-05  3.831 108916161.84194444 108921161.84194444    0.0066 80002013012  34-1934 254.80791195442177   266.41684    -29.00781 0.00012854108961239452  265.0355049232107 
  157.0   0.031 325.31622 572.47009    1.0 17 46 20.859 -28 57 39.561   -1.0   18.0       0.0  6.611 108906161.84194444 108911161.84194444    0.0047 80002013012   34-159  561.4440409183338   266.41684    -29.00781  0.0006740429003142443 129.97994051267142 
    1.0  0.0181 593.65216 632.26086    1.0 09 19 12.122 +55 27 49.017   -1.0   23.0       0.0  7.037  224948886.9449566  224953886.9449566    0.0026 60201036002  34-1934  523.1942387787984   139.98071     55.36039  0.0001562422084950744  50.29411997680565 
  109.0    0.01 354.47369 410.42105    1.0 17 28 49.968 -14 18 25.864   -1.0   18.0 3.406e-13  4.729  228053332.4893978  228058332.4893978    0.0021 60201020002  34-1934  463.4032998257685    262.0825    -14.26556  0.0008557279558330728   53.9936534314243 
  148.0 0.00803 337.26666 405.20001    1.0 17 28 52.878 -14 18 38.678   -1.0   18.0 3.144e-07  3.487  228143332.4893978  228148332.4893978    0.0023 60201020002  34-1934 507.57310679931027    262.0825    -14.26556  0.0006730975187646186  28.64567414652707 
  313.0 0.00564     335.5     406.0    1.0 17 28 53.177 -14 18 36.709   -1.0   21.0 3.158e-09  3.765  228063332.4893978  228068332.4893978    0.0015 60201020002   34-159   511.069958233262    262.0825    -14.26556   0.000723758523348843 26.491843695709093 
    3.0 0.00872 666.91431 484.68573    1.0 13 06 26.811 -40 26 06.728   -1.0   18.0 3.442e-15  4.875  208603484.7122537  208608484.7122537    0.0018 60161526002  34-1934  526.6200979680602    196.8004     -40.4076   4.75192435653732e-05   88.2493588047041 
   18.0  0.0071 663.88232 487.88235    1.0 13 06 27.465 -40 25 58.882   -1.0   21.0 4.252e-14  3.967  208633484.7122537 208636702.35705513    0.0018 60161526002  159-559  517.8519189902968    196.8004     -40.4076  3.676137514492323e-05   52.7885635184884 
    2.0  0.0472    337.63 548.32996    1.0 18 03 18.637 -14 51 23.086   -1.0   33.0       0.0  9.225 199793346.35401693 199798346.35401693    0.0051 60160680002  34-1934   501.086744431276     270.697      -14.915 2.2652011445177514e-05  77.77033883692246 
    3.0  0.0807 313.82562  508.1077    1.0 18 03 22.677 -14 53 01.924   -1.0   33.0       0.0  12.49 199793346.35401693 199798346.35401693    0.0065 60160680002  34-1934   525.173065496936     270.697      -14.915  0.0006423288167749458   93.3558884533256 
    4.0  0.0689 292.76862 476.76031    1.0 18 03 26.251 -14 54 18.946   -1.0   31.0       0.0  11.53 199793346.35401693 199798346.35401693     0.006 60160680002  34-1934  565.9440367563318     270.697      -14.915  2.331942336833463e-05  96.89968604542864 
    5.0  0.0389 342.12122 560.56061    1.0 18 03 17.875 -14 50 53.027   -1.0   26.0       0.0  9.141 199798346.35401693 199803346.35401693    0.0043 60160680002  34-1934  504.7350152414233     270.697      -14.915 1.3726716876466796e-08 103.49189286662025 
    6.0   0.095 325.42255 524.58447    1.0 18 03 20.709 -14 52 21.439   -1.0   33.0       0.0  14.61 199798346.35401693 199803346.35401693    0.0065 60160680002  34-1934  508.0071883432604     270.697      -14.915  8.989651993287766e-11 150.10847591456167 
    7.0  0.0958 300.73944 485.89438    1.0 18 03 24.898 -14 53 56.507   -1.0   33.0       0.0  14.68 199798346.35401693 199803346.35401693    0.0065 60160680002  34-1934  548.2754714135506     270.697      -14.915  1.456980926463916e-05 127.63175090222555 
    8.0  0.0212 349.46512 576.67444    1.0 18 03 16.628 -14 50 13.427   -1.0   23.0       0.0   7.13 199803346.35401693 199808346.35401693     0.003 60160680002  34-1934  509.6174789614227     270.697      -14.915  8.800976323952645e-07  81.34044210255638 
    9.0  0.0865 298.57047 482.37585    1.0 18 03 25.266 -14 54 05.152   -1.0   33.0       0.0  15.12 199803346.35401693 199808346.35401693    0.0057 60160680002  34-1934  552.7468799589864     270.697      -14.915  3.222116799122876e-06  135.9059288110326 
   10.0  0.0704 326.68573 528.59045    1.0 18 03 20.495 -14 52 11.593   -1.0   33.0       0.0  12.42 199818346.35401693 199823346.35401693    0.0057 60160680002  34-1934  508.1124487912431     270.697      -14.915 0.00040506186865865647 100.18079587574563 
   11.0  0.0771 316.99371 519.45911    1.0 18 03 22.139 -14 52 34.025   -1.0   33.0       0.0  13.14 199823346.35401693 199828346.35401693    0.0059 60160680002  34-1934  524.3137707245132     270.697      -14.915  1.134091587541332e-06 117.24532365990868 
   12.0  0.0423 288.49121  473.4649    1.0 18 03 26.977 -14 54 27.040   -1.0   21.0       0.0  9.853 199823346.35401693 199828346.35401693    0.0043 60160680002  34-1934  576.0093015844812     270.697      -14.915 1.6907689074375253e-05  114.1293218272612 
   14.0  0.0472    337.63 548.32996    1.0 18 03 18.637 -14 51 23.086   -1.0   33.0       0.0  9.225 199793346.35401693 199795846.35401693    0.0051 60160680002  34-1934   501.086744431276     270.697      -14.915 2.2652011445177514e-05  77.77033883692246 
   15.0  0.0807 313.82562  508.1077    1.0 18 03 22.677 -14 53 01.924   -1.0   33.0       0.0  12.49 199793346.35401693 199795846.35401693    0.0065 60160680002  34-1934   525.173065496936     270.697      -14.915  0.0006423288167749458   93.3558884533256 
   16.0  0.0689 292.76862 476.76031    1.0 18 03 26.251 -14 54 18.946   -1.0   31.0       0.0  11.53 199793346.35401693 199795846.35401693     0.006 60160680002  34-1934  565.9440367563318     270.697      -14.915  2.331942336833463e-05  96.89968604542864 
   17.0  0.0502 337.36365 548.78406    1.0 18 03 18.682 -14 51 21.969   -1.0   38.0       0.0   9.97 199793346.35401693 199798346.35401693     0.005 60160680002   34-159  502.1494566474627     270.697      -14.915 1.4564986935718429e-05  64.05967043806604 
   19.0  0.0975 319.02963 517.17773    1.0 18 03 21.794 -14 52 39.636   -1.0   48.0       0.0  14.01 199793346.35401693 199798346.35401693     0.007 60160680002   34-159  518.0106497282515     270.697      -14.915 1.1847790556402752e-06  85.56629127369072 
   20.0  0.0961  297.0827 482.69174    1.0 18 03 25.519 -14 54 04.373   -1.0   48.0       0.0   13.9 199793346.35401693 199798346.35401693    0.0069 60160680002   34-159  556.4690759895012     270.697      -14.915 1.0942954138104986e-05  79.49124255177658 
   21.0  0.0416 341.92535 558.97015    1.0 18 03 17.908 -14 50 56.936   -1.0   36.0       0.0  9.693 199798346.35401693 199803346.35401693    0.0043 60160680002   34-159 503.30162728922005     270.697      -14.915  9.165471239939468e-07  71.60819431173205 
   22.0   0.104 323.04346 520.90686    1.0 18 03 21.113 -14 52 30.475   -1.0   48.0       0.0  15.52 199798346.35401693 199803346.35401693    0.0067 60160680002   34-159 510.98271976060676     270.697      -14.915   7.78946497821974e-06   92.9209729284064 
   23.0   0.131 299.74347  486.5864    1.0 18 03 25.067 -14 53 54.804   -1.0   53.0       0.0  17.42 199798346.35401693 199803346.35401693    0.0075 60160680002   34-159  550.8926478094247     270.697      -14.915 2.5203934223754423e-05 100.59545580757967 
   24.0  0.0233 347.81134 574.96228    1.0 18 03 16.909 -14 50 17.633   -1.0   33.0       0.0  7.735 199803346.35401693 199808346.35401693     0.003 60160680002   34-159 510.73428674449764     270.697      -14.915  3.143843804106369e-05 54.600913516028065 
   25.0  0.0752 329.88321 531.35034    1.0 18 03 19.952 -14 52 04.813   -1.0   45.0       0.0  14.27 199803346.35401693 199808346.35401693    0.0053 60160680002   34-159 502.90207442883093     270.697      -14.915   1.54563136518978e-05   87.4923818192888 
   26.0  0.0648 339.57523   553.646    1.0 18 03 18.307 -14 51 10.021   -1.0   38.0       0.0  12.43 199813346.35401693 199818346.35401693    0.0052 60160680002   34-159  502.4406300271251     270.697      -14.915  1.100049073870885e-10 106.52414915555704 
   28.0   0.133 306.76685 494.63211    1.0 18 03 23.875 -14 53 35.038   -1.0   53.0       0.0  17.59 199818346.35401693 199823346.35401693    0.0076 60160680002   34-159   536.275749894448     270.697      -14.915  6.750640664462729e-05  94.50676594430428 
   29.0  0.0232 344.66669 569.29822    1.0 18 03 17.442 -14 50 31.552   -1.0   23.0       0.0  8.204 199828346.35401693 199831449.77752277    0.0028 60160680002   34-159  509.9453887847412     270.697      -14.915 3.4647459960247237e-06  71.05448326750607 
   30.0  0.0952 323.80109 527.95703    1.0 18 03 20.984 -14 52 13.146   -1.0   48.0       0.0  16.62 199828346.35401693 199831449.77752277    0.0057 60160680002   34-159  514.3461029853561     270.697      -14.915  6.667539095529435e-05 101.03751947199186 
   31.0  0.0502 337.36365 548.78406    1.0 18 03 18.682 -14 51 21.969   -1.0   38.0       0.0   9.97 199793346.35401693 199795846.35401693     0.005 60160680002   34-159  502.1494566474627     270.697      -14.915 1.4564986935718429e-05  64.05967043806604 
   33.0  0.0975 319.02963 517.17773    1.0 18 03 21.794 -14 52 39.636   -1.0   48.0       0.0  14.01 199793346.35401693 199795846.35401693     0.007 60160680002   34-159  518.0106497282515     270.697      -14.915 1.1847790556402752e-06  85.56629127369072 
   34.0  0.0961  297.0827 482.69174    1.0 18 03 25.519 -14 54 04.373   -1.0   48.0       0.0   13.9 199793346.35401693 199795846.35401693    0.0069 60160680002   34-159  556.4690759895012     270.697      -14.915 1.0942954138104986e-05  79.49124255177658 
   36.0   0.022    309.84    497.56    1.0 18 03 23.354 -14 53 27.845   -1.0   33.0       0.0  6.561 199793346.35401693 199798346.35401693    0.0034 60160680002  159-559  529.9310212669483     270.697      -14.915  0.0003877244186714855 31.070307137630806 
   38.0  0.0133 340.36365 560.27271    1.0 18 03 18.173 -14 50 53.733   -1.0   31.0       0.0  5.355 199798346.35401693 199803346.35401693    0.0025 60160680002  159-559    508.20090391128     270.697      -14.915  0.0009760866095318805  29.49058544461556 
   44.0  0.0149 348.17859 569.89282    1.0 18 03 16.847 -14 50 30.095   -1.0   26.0       0.0  5.822 199813346.35401693 199818346.35401693    0.0026 60160680002  159-559  503.3317853024843     270.697      -14.915  8.172382125367358e-05  38.80896919911693 
   46.0  0.0361 293.64911 475.89474    1.0 18 03 26.102 -14 54 21.076   -1.0   38.0       0.0  9.104 199813346.35401693 199818346.35401693     0.004 60160680002  159-559   563.659323865133     270.697      -14.915 2.4310413937769813e-05 53.341584614567935 
   52.0   0.022    309.84    497.56    1.0 18 03 23.354 -14 53 27.845   -1.0   33.0       0.0  6.561 199793346.35401693 199795846.35401693    0.0034 60160680002  159-559  529.9310212669483     270.697      -14.915  0.0003877244186714855 31.070307137630806 
    1.0  0.0463  586.9718 502.33801    1.0 02 09 20.765 -10 07 52.822   -1.0   33.0       0.0  9.218 179827891.19011718 179832891.19011718     0.005 60061346002  34-1934 184.07934752586266    32.38052    -10.15851  2.245833454111939e-05  63.19589556740884 
    1.0  0.0277 506.11905 630.57141    1.0 11 32 59.592 +10 23 47.449   -1.0   26.0       0.0  6.975  344757313.5294162  344762313.5294162     0.004 60061212002  34-1934  390.5845900475286  173.205795      10.2964  4.310639446350769e-05  43.08569455734309 
    5.0  0.0193 513.72339 632.68085    1.0 11 32 58.325 +10 23 52.634   -1.0   23.0       0.0  6.854  344784813.5294162  344789813.5294162    0.0028 60061212002  34-1934  388.6416582389223  173.205795      10.2964  0.0005789999103129194 45.158829107518656 
    9.0  0.0175     543.0 520.18182    1.0 12 10 31.156 +39 27 22.798   -1.0   21.0       0.0  5.851 316352800.33229923 316357800.33229923     0.003 60502017008  34-1934  182.4580443066987   182.63575     39.40586 1.5784378057787314e-13 115.70088427662014 
   13.0  0.0181     461.0 555.10718    1.0 12 10 48.562 +39 28 48.651   -1.0   21.0 2.497e-12  4.811 316357800.33229923 316362800.33229923    0.0038 60502017008  34-1934 325.36522321130485   182.63575     39.40586  0.0008722385497380138 36.116198667220324 
   43.0 0.00892 502.88235 522.52942    1.0 12 10 39.670 +39 27 28.591   -1.0   23.0 2.399e-07  3.766 316375300.33229923 316380300.33229923    0.0024 60502017008  34-1934  204.7048105970853   182.63575     39.40586  0.0008878697199274279  97.48946246170769 
   54.0  0.0132 459.69565 550.04346    1.0 12 10 48.839 +39 28 36.203   -1.0   23.0       0.0  5.341 316352800.33229923 316357800.33229923    0.0025 60502017008   34-159 317.10619432692044   182.63575     39.40586  0.0004393425483435854 27.812521234888788 
   85.0 0.00457 482.58334     505.5    1.0 12 10 43.978 +39 26 46.727   -1.0   26.0 6.025e-06  3.194 316377800.33229923 316382800.33229923    0.0014 60502017008  159-559 196.59760578010327   182.63575     39.40586   0.000215913226422405 24.112836348939602 
    1.0  0.0478 518.23279 602.56897    1.0 10 08 54.913 +37 39 30.213   -1.0   31.0       0.0  11.91 293887891.55890626 293892891.55890626     0.004 60462005002  34-1934  270.5465425647902 152.2309293  37.58326441 0.00034031307746499765  66.85627318836124 
  107.0 0.00802 332.09525 391.57144    1.0 17 28 43.511 -14 21 45.532   -1.0   18.0 4.627e-07  3.669  275182781.5103787  275187781.5103787    0.0022 60402007002  34-1934 490.91525860842285    262.0825    -14.26553  0.0006465405640593475 51.141277345791636 
  253.0  0.0151 418.69232 393.23077    1.0 17 28 28.863 -14 21 41.534   -1.0   26.0 3.401e-13  4.858  275142781.5103787  275147781.5103787    0.0031 60402007002   34-159  369.8850220685848    262.0825    -14.26553  0.0006410723865440818  40.90598092921639 
  316.0  0.0108 334.19049 385.28571    1.0 17 28 43.158 -14 22 00.985   -1.0   23.0 1.059e-11  4.522  275222781.5103787  275227781.5103787    0.0024 60402007002   34-159  498.5285859743099    262.0825    -14.26553  0.0005968913508311729  37.42629876633592 
  136.0  0.0162 325.89285     384.0    1.0 17 28 45.017 -14 21 56.935   -1.0   21.0  6.15e-13  4.914 307106520.91734374 307111520.91734374    0.0033 60402007004  34-1934  514.4556251409725    262.0825    -14.26553 0.00013520114476870375  47.40951673296462 
  266.0  0.0131 327.27588 387.48276    1.0 17 28 44.783 -14 21 48.376   -1.0   26.0 5.551e-16  4.926 307041520.91734374 307046520.91734374    0.0027 60402007004   34-159 506.04110838138797    262.0825    -14.26553  5.895819966689295e-05  33.36537678313692 
  336.0  0.0234 344.83331     384.0    1.0 17 28 41.813 -14 21 56.958   -1.0   31.0       0.0  8.186 307096520.91734374 307101520.91734374    0.0029 60402007004   34-159 482.40762855811954    262.0825    -14.26553 1.5840877610122958e-05  59.16919334000458 
  353.0  0.0213 574.45715 302.54285    1.0 17 28 02.966 -14 25 17.258   -1.0   31.0       0.0  5.579 307111520.91734374 307116520.91734374    0.0038 60402007004   34-159  612.3682625258184    262.0825    -14.26553  0.0004305825652340507  41.24162379475382 
  395.0  0.0327 353.43137  387.5098    1.0 17 28 40.358 -14 21 48.341   -1.0   33.0       0.0   8.52 307019020.91734374 307024020.91734374    0.0038 60402007004   34-159  462.0456017059291    262.0825    -14.26553  8.222548031334432e-05  50.03399829553595 
    1.0  0.0127 641.81482 372.81482    1.0 08 24 43.559 +29 59 13.808   -1.0   21.0       0.0  5.671  277575471.6256782  277580471.6256782    0.0022 60401012002  34-1934  322.5397613669363   126.25617     30.04919  9.405108594181894e-05  43.17146909047751 
    3.0 0.00799  640.7619 373.80951    1.0 08 24 43.758 +29 59 16.255   -1.0   26.0       0.0  4.746  277575471.6256782  277580471.6256782    0.0017 60401012002   34-159  318.9800498779483   126.25617     30.04919  1.502086151496251e-05  27.26139806710863 
    5.0 0.00646 640.11768 373.17648    1.0 08 24 43.880 +29 59 14.701   -1.0   26.0 3.508e-13  4.154  277575471.6256782  277580471.6256782    0.0016 60401012002  159-559 318.92032803413935   126.25617     30.04919  0.0008456548008454196 22.317846405155095 
   15.0 0.00787 560.79999 426.64001    1.0 08 24 43.697 +29 58 30.574   -1.0   18.0  1.77e-12  4.434 293189814.53683484 293194814.53683484    0.0018 60401012004  34-1934  352.6764201368732   126.25617     30.04919   0.000523505335866716  69.71446980326941 
   23.0  0.0051 546.72729 425.45456    1.0 08 24 46.359 +29 58 27.672   -1.0   21.0 5.416e-08  3.179 293117314.53683484 293122314.53683484    0.0016 60401012004  159-559   333.402007657682   126.25617     30.04919  0.0006399298997438858  35.54182135373819 
    2.0   0.157 548.71283 616.45605    1.0 15 06 44.377 +03 51 44.190   -1.0   45.0       0.0  18.42  254105286.8294347  254110286.8294347    0.0085 60301023002  34-1934 328.56897428961145   226.69042      3.77117   7.78946497821974e-06  92.85376407161601 
    6.0  0.0065 580.26666 629.33331    1.0 15 06 39.194 +03 52 15.840   -1.0   21.0 3.577e-06  3.314  254150286.8294347  254155286.8294347     0.002 60301023002  34-1934 372.57805265454397   226.69042      3.77117 1.4249555308637644e-05 109.46280387818857 
   18.0   0.157 548.71283 616.45605    1.0 15 06 44.377 +03 51 44.190   -1.0   45.0       0.0  18.42  254105286.8294347  254107786.8294347    0.0085 60301023002  34-1934 328.56897428961145   226.69042      3.77117   7.78946497821974e-06  92.85376407161601 
   27.0  0.0867 550.82275 616.53796    1.0 15 06 44.031 +03 51 44.391   -1.0   58.0       0.0  13.29  254110286.8294347  254115286.8294347    0.0065 60301023002   34-159 329.12261694946005   226.69042      3.77117  0.0004904902263668557  47.45778335782328 
   23.0  0.0133 385.91666 660.97223    1.0 17 37 56.004 -28 59 38.396   -1.0   18.0 8.891e-10  4.498  265218277.5059527  265223277.5059527     0.003 60301010002  34-1934  620.3044252592401   264.36829    -29.13392  0.0005809608292786573  77.97306556508646 
   29.0  0.0119     383.0 661.20001    1.0 17 37 56.550 -28 59 37.831   -1.0   21.0       0.0   5.44  265220777.5059527  265225777.5059527    0.0022 60301010002   34-159  624.9655007491547   264.36829    -29.13392  0.0002680267002897449  58.54811051430143 
   36.0  0.0175 377.77777 650.79999    1.0 17 37 57.530 -29 00 03.385   -1.0   21.0       0.0  5.682  265230777.5059527  265235777.5059527    0.0031 60301010002   34-159  612.4585993528916   264.36829    -29.13392  0.0007196817166444855  46.05828703351837 
    1.0  0.0222 319.36365     530.5    1.0 13 07 11.981 -40 24 15.488   -1.0   23.0       0.0  7.141 228626788.60356444 228631788.60356444    0.0031 60202021010  34-1934  524.8171268108293   196.60892     -40.4145  0.0006820516161507878 43.307616059895366 
    7.0   0.013     319.5  532.5769    1.0 13 07 11.951 -40 24 10.383   -1.0   33.0       0.0  5.015 228641788.60356444 228646788.60356444    0.0026 60202021010   34-159  524.8628892491505   196.60892     -40.4145  0.0005005777751546203 23.640728519209105 
    2.0    1.59 465.55475 568.87158    1.0 14 13 09.356 -65 20 16.816   -1.0   97.0       0.0  57.21   97736731.4629069   97741731.4629069     0.028 30002038006  34-1934  273.0167071365184 213.1633333  -65.3928611                    0.0   708.189738219034 
    3.0  0.0143 428.26471 555.79413    1.0 14 13 24.011 -65 20 48.835   -1.0   21.0 7.216e-15  4.898   97741731.4629069   97746731.4629069    0.0029 30002038006  34-1934 325.32179333518457 213.1633333  -65.3928611  0.0008777460709755385  66.06899329251432 
    7.0  0.0094 465.11111 618.44446    1.0 14 13 09.513 -65 18 14.960   -1.0   21.0 4.169e-06  3.151   97761731.4629069   97766731.4629069     0.003 30002038006  34-1934  371.3929269762235 213.1633333  -65.3928611  1.332254356934121e-06   74.3572874569523 
    9.0  0.0142 493.57446 615.27661    1.0 14 12 58.349 -65 18 22.785   -1.0   33.0       0.0  5.437   97771731.4629069   97776731.4629069    0.0026 30002038006  34-1934 333.74326001142384 213.1633333  -65.3928611 0.00013018067258207893  80.18609324060232 
   27.0   0.604 465.30176 569.12634    1.0 14 13 09.455 -65 20 16.190   -1.0   97.0       0.0  34.94   97736731.4629069   97741731.4629069     0.017 30002038006   34-159    273.89735861825 213.1633333  -65.3928611  3.697871924299187e-21  284.3902861378095 
   30.0  0.0127 461.57144 600.30951    1.0 14 13 10.908 -65 18 59.529   -1.0   21.0       0.0  6.106   97771731.4629069   97776731.4629069    0.0021 30002038006   34-159 338.85352465353714 213.1633333  -65.3928611  2.741753250033563e-06 47.537032915020426 
   32.0 0.00552 469.29166   609.875    1.0 14 13 07.876 -65 18 36.034   -1.0   21.0 4.233e-11  4.021   97781731.4629069   97786731.4629069    0.0014 30002038006   34-159  348.0387890048582 213.1633333  -65.3928611 0.00041614922829786996  28.32573962918201 
   36.0   0.736 465.53647 568.87341    1.0 14 13 09.363 -65 20 16.812   -1.0   97.0       0.0  39.34   97736731.4629069   97741731.4629069     0.019 30002038006  159-559 273.04982605159074 213.1633333  -65.3928611 1.6250417056325912e-24  331.2957739002162 
   37.0 0.00803 429.59091 573.22729    1.0 14 13 23.477 -65 20 05.988   -1.0   21.0       0.0  5.071   97781731.4629069   97786731.4629069    0.0016 30002038006  159-559  346.4461554797512 213.1633333  -65.3928611  7.484764699487946e-05 12.182108193736758 
   38.0  0.0107  465.5625   604.625    1.0 14 13 09.340 -65 18 48.931   -1.0   23.0       0.0  5.356   97786731.4629069   97791731.4629069     0.002 30002038006  159-559  342.0063098984554 213.1633333  -65.3928611 1.9553385041549517e-08  40.34571669133889 
   41.0   0.186 466.45901 568.84918    1.0 14 13 09.001 -65 20 16.873   -1.0   53.0       0.0  19.31   97736731.4629069   97741731.4629069    0.0096 30002038006 559-1934 271.44730422746017 213.1633333  -65.3928611 3.9568608598533795e-06  97.44368771200567 
   26.0 0.00969     454.5  390.9375    1.0 16 40 36.158 -46 39 03.963   -1.0   18.0 1.114e-07  3.764 118149119.94970486 118154119.94970486    0.0026 30002021002  34-1934 454.85790325412165  250.181333   -46.526528  0.0004228036538392613  55.78682804395817 
   41.0  0.0148 484.63333 403.20001    1.0 16 40 28.963 -46 38 33.850   -1.0   21.0 5.928e-09   4.37 118159119.94970486 118164119.94970486    0.0034 30002021002  34-1934  444.4753968845289  250.181333   -46.526528  0.0008828661472503143   81.9091396800917 
   75.0  0.0352 480.56717 407.11942    1.0 16 40 29.934 -46 38 24.213   -1.0   21.0       0.0  7.235 118189119.94970486 118194119.94970486    0.0049 30002021002  34-1934  432.0692458466215  250.181333   -46.526528 0.00011449283670558809  95.74171246620553 
   76.0  0.0434 603.50909 554.85455    1.0 16 40 00.635 -46 32 20.907   -1.0   23.0       0.0  8.214 118189119.94970486 118194119.94970486    0.0053 30002021002  34-1934  444.8845837948517  250.181333   -46.526528  6.309827365678549e-07  93.76067946968054 
   84.0  0.0163 543.41174 429.72549    1.0 16 40 14.937 -46 37 28.623   -1.0   18.0       0.0   5.94 118209119.94970486 118214119.94970486    0.0027 30002021002  34-1934  459.9786230735582  250.181333   -46.526528 0.00032238669858163083  48.75558800965423 
  100.0  0.0123 456.39999 391.51999    1.0 16 40 35.704 -46 39 02.534   -1.0   18.0       0.0  5.216 118239119.94970486 118244119.94970486    0.0024 30002021002  34-1934  454.2560282825835  250.181333   -46.526528  8.176508445232849e-08 122.79612319537377 
  138.0  0.0573 597.03168   531.362    1.0 16 40 02.172 -46 33 18.674   -1.0   33.0       0.0  13.51 118134119.94970486 118139119.94970486    0.0042 30002021002   34-159  438.9378806646213  250.181333   -46.526528  0.0008950961856211852  70.71325921515587 
  201.0  0.0304     479.0 408.96924    1.0 16 40 30.308 -46 38 19.665   -1.0   26.0       0.0  9.163 118209119.94970486 118214119.94970486    0.0033 30002021002   34-159 426.52282582973504  250.181333   -46.526528  5.509596724880132e-06  96.17595941481599 
  226.0  0.0139 602.79541 505.15909    1.0 16 40 00.790 -46 34 23.066   -1.0   18.0       0.0  5.546 118244119.94970486 118249119.94970486    0.0025 30002021002   34-159  471.6013158004582  250.181333   -46.526528 0.00019107581416936666                5.0 
  233.0  0.0259 552.46155 455.07693    1.0 16 40 12.781 -46 36 26.293   -1.0   21.0       0.0  7.884 118146619.94970486 118151619.94970486    0.0033 30002021002   34-159  430.2023494942897  250.181333   -46.526528  0.0009318071089124188  74.52008697870403 
    3.0  0.0241 523.99036 406.66345    1.0 16 40 29.844 -46 36 59.292   -1.0   23.0       0.0  8.152  148129575.0018609  148134575.0018609     0.003 30002021027  34-1934   353.193640742891  250.181333   -46.526528  9.832116432412034e-07 113.58823121768611 
    9.0  0.0105 581.55884 453.35294    1.0 16 40 16.121 -46 35 04.431   -1.0   23.0 2.433e-11  4.816  148134575.0018609  148139575.0018609    0.0022 30002021027  34-1934  351.4880580162247  250.181333   -46.526528  0.0001570217701418283  8.963199174837078 
   44.0 0.00967 502.91666 396.08334    1.0 16 40 34.871 -46 37 25.307   -1.0   18.0       0.0  5.343  148134575.0018609  148139575.0018609    0.0018 30002021027   34-159  361.0167091517646  250.181333   -46.526528  7.754596417238408e-05 55.274660062841406 
   46.0  0.0311   539.375 420.63889    1.0 16 40 26.175 -46 36 24.924   -1.0   33.0       0.0  9.566  148139575.0018609  148144575.0018609    0.0033 30002021027   34-159  340.2639936889639  250.181333   -46.526528  0.0004184767837882449  49.29706324523254 
   60.0  0.0106 502.20834 395.66666    1.0 16 40 35.040 -46 37 26.331   -1.0   21.0  2.22e-16  4.887  148137075.0018609  148142075.0018609    0.0022 30002021027   34-159  361.5835297232023  250.181333   -46.526528 0.00016376223468375786  45.46948114611139 
  146.0 0.00662 418.38889 391.38889    1.0 16 41 12.087 -46 34 34.582   -1.0   18.0 7.419e-05  3.187  161634909.9209082  161639909.9209082    0.0021 30002021036   34-159 344.81764568108593  250.181333   -46.526528  0.0007582606613450652  6.871779583286843 
  112.0 0.00962  409.5625 395.34375    1.0 16 41 13.523 -46 35 02.277   -1.0   18.0 7.266e-06  3.672 163886900.07908636 163891900.07908636    0.0026 30002021038  34-1934   372.185255041016  250.181333   -46.526528  0.0002508784552363827 111.56359098513065 
    1.0   0.011 616.76318 387.55264    1.0 13 02 08.984 -63 56 58.232   -1.0   21.0       0.0  5.248  136894187.9808583  136899187.9808583    0.0021 30002017004  34-1934  482.6083450580737 195.6985625 -63.83574167  0.0006686740074168165  69.68200375437434 
    3.0  0.0108 657.15625  394.1875    1.0 13 01 53.921 -63 56 41.592   -1.0   23.0       0.0   5.02  136894187.9808583  136899187.9808583    0.0022 30002017004  34-1934  529.3674949708774 195.6985625 -63.83574167  3.936284754710494e-06  96.92429036453464 
    4.0   0.499 645.52167 358.51556    1.0 13 01 58.215 -63 58 09.382   -1.0   73.0       0.0  39.92  136894187.9808583  136899187.9808583     0.013 30002017004  34-1934  580.9690817590454 195.6985625 -63.83574167 1.2149992091408473e-07  395.5038621469174 
    9.0  0.0159 659.53845 384.92307    1.0 13 01 53.019 -63 57 04.342   -1.0   21.0       0.0  6.597  136899187.9808583  136904187.9808583    0.0024 30002017004  34-1934  550.3235652451734 195.6985625 -63.83574167  2.116056284030188e-05  68.49854983153301 
   25.0   0.302 645.31921 358.59918    1.0 13 01 58.291 -63 58 09.178   -1.0   82.0       0.0   31.5  136894187.9808583  136899187.9808583    0.0096 30002017004   34-159  580.5189287282429 195.6985625 -63.83574167  0.0005498657851094846 216.46396172459876 
   27.0 0.00569 626.91669 393.83334    1.0 13 02 05.203 -63 56 42.719   -1.0   23.0 4.204e-10  3.912  136904187.9808583  136909187.9808583    0.0015 30002017004   34-159  483.5517440128015 195.6985625 -63.83574167  0.0009752255075022684  27.48437400981137 
   35.0  0.0234 623.73682 356.26315    1.0 13 02 06.347 -63 58 15.094   -1.0   21.0       0.0  5.278  136931687.9808583  136936687.9808583    0.0044 30002017004   34-159  557.5940838382858 195.6985625 -63.83574167  0.0008511605343160513  66.75460022800544 
   38.0   0.205 645.70428 358.32166    1.0 13 01 58.146 -63 58 09.857   -1.0   73.0       0.0  25.98  136894187.9808583  136899187.9808583    0.0079 30002017004  159-559   581.617368930415 195.6985625 -63.83574167 0.00012879161286231738 163.13724237616987 
   41.0 0.00739   620.625   358.875    1.0 13 02 07.512 -63 58 08.696   -1.0   21.0 9.606e-08  3.152  136926687.9808583  136931687.9808583    0.0023 30002017004  159-559  548.2705358496456 195.6985625 -63.83574167   0.000164659122795617 53.795743927199695 
    2.0  0.0085    586.25 349.33331    1.0 13 02 13.764 -63 58 34.523   -1.0   23.0 8.219e-11  4.653 139434329.42539063 139439329.42539063    0.0018 30002017008  34-1934   553.077236321205 195.6985625 -63.83574167  0.0008043322073644012 132.81254898948845 
   51.0 0.00481    601.25    373.25    1.0 13 02 08.183 -63 57 35.650   -1.0   23.0 1.116e-07  3.305 139444329.42539063 139449329.42539063    0.0015 30002017008  159-559  517.3615415897239 195.6985625 -63.83574167 0.00038638719348038295 38.770713592234166 
    1.0  0.0889  615.0329 355.41449    1.0 13 01 59.282 -63 58 03.202   -1.0   33.0       0.0  13.77 140483160.26164606 140488160.26164606    0.0065 30002017010  34-1934   571.912094048812 195.6985625 -63.83574167 1.3072801270024764e-07 125.68098857698949 
    2.0  0.0359 595.40002 344.22351    1.0 13 02 06.604 -63 58 30.834   -1.0   21.0       0.0  8.744 140483160.26164606 140488160.26164606    0.0041 30002017010  34-1934  570.5596766462455 195.6985625 -63.83574167   2.73184743107168e-09 136.49718490385436 
    5.0  0.0309 593.66663 353.03333    1.0 13 02 07.258 -63 58 09.188   -1.0   21.0       0.0  7.132 140498160.26164606 140503160.26164606    0.0043 30002017010  34-1934   549.512169491525 195.6985625 -63.83574167  1.338423088470481e-09  112.4707166728766 
   18.0  0.0568 610.57458 351.59702    1.0 13 02 00.943 -63 58 12.616   -1.0   31.0       0.0  11.57 140513160.26164606 140518160.26164606    0.0049 30002017010  34-1934  573.7769880202518 195.6985625 -63.83574167  7.955971831085862e-10 125.07517530436988 
   32.0  0.0609 608.33337 351.42426    1.0 13 02 01.780 -63 58 13.055   -1.0   38.0       0.0  10.26 140498160.26164606 140503160.26164606    0.0059 30002017010   34-159  571.2008195354757 195.6985625 -63.83574167  4.501431817823808e-05  58.81748606317429 
   33.0  0.0377 615.13416 354.35364    1.0 13 01 59.244 -63 58 05.809   -1.0   33.0       0.0  8.964 140503160.26164606 140508160.26164606    0.0042 30002017010   34-159  574.2141994359812 195.6985625 -63.83574167  2.209012247286534e-06  62.26028278999269 
   37.0  0.0127 587.05554 346.83331    1.0 13 02 09.722 -63 58 24.464   -1.0   21.0  1.11e-16  4.918 140495660.26164606 140500660.26164606    0.0026 30002017010   34-159   555.395151721557 195.6985625 -63.83574167  8.517441842159946e-05 61.315211264795195 
   39.0  0.0144 594.64587 346.04169    1.0 13 02 06.887 -63 58 26.369   -1.0   21.0       0.0  6.433 140515660.26164606 140520660.26164606    0.0022 30002017010   34-159  565.7465356030201 195.6985625 -63.83574167 1.7457335556542956e-06  76.53973206449123 
   40.0  0.0351 611.95557 352.64444    1.0 13 02 00.429 -63 58 10.032   -1.0   36.0       0.0  8.733 140483160.26164606 140488160.26164606     0.004 30002017010  159-559  573.4375289384684 195.6985625 -63.83574167  0.0004684400531913209  44.46156638977194 
   43.0   0.015  617.7879 354.72729    1.0 13 01 58.253 -63 58 04.872   -1.0   31.0       0.0  6.034 140508160.26164606 140513160.26164606    0.0025 30002017010  159-559  577.1053876508661 195.6985625 -63.83574167 0.00016376223468375786  45.82472176478075 
   45.0 0.00729     591.5 351.70001    1.0 13 02 08.066 -63 58 12.478   -1.0   21.0 1.554e-15  4.575 140515660.26164606 140520660.26164606    0.0016 30002017010  159-559  549.8361238710053 195.6985625 -63.83574167  9.405108594181894e-05  43.72421466645727 
    9.0  0.0212 422.54877 468.51828    1.0 17 54 47.979 -26 22 36.570   -1.0   18.0     2e-05  3.696 109300271.76015408 109305271.76015408    0.0057 30002003002  34-1934   346.424814604579  268.605292   -26.331306   0.000141175463801671 205.98142577622679 
   45.0  0.0231 411.21185 463.76273    1.0 17 54 50.053 -26 22 48.246   -1.0   18.0 1.005e-05  3.847 109297771.76015408 109302771.76015408     0.006 30002003002  34-1934 376.51541735874713  268.605292   -26.331306 0.00020757004811813276 231.93446381337588 
   14.0  0.0278 418.28235 475.68234    1.0 17 54 45.160 -26 23 11.515   -1.0   18.0       0.0  5.572 109341011.81977214 109346011.81977214     0.005 30002003003  34-1934  333.1462766596674  268.605292   -26.331306 1.4773739691502492e-06  378.9119284845631 
   27.0   0.019 336.74713 448.70114    1.0 17 55 00.080 -26 24 17.692   -1.0   18.0 5.569e-05  3.518 109351011.81977214 109356011.81977214    0.0054 30002003003  34-1934  537.6489248032318  268.605292   -26.331306  0.0006300032045575566 239.73147885311914 
   32.0  0.0204     313.0 445.44446    1.0 17 55 04.426 -26 24 25.637   -1.0   18.0 2.006e-05  3.719 109351011.81977214 109356011.81977214    0.0055 30002003003  34-1934  592.7838227268379  268.605292   -26.331306  0.0004224331037662543  239.3005156734299 
   43.0  0.0576 441.22223 495.61111    1.0 17 54 40.963 -26 22 22.552   -1.0   21.0       0.0  7.782 109361011.81977214 109366011.81977214    0.0074 30002003003  34-1934 258.73356950238025  268.605292   -26.331306 0.00018453660575318628  315.1380782758738 
   84.0  0.0473  426.4765 483.88715    1.0 17 54 43.661 -26 22 51.356   -1.0   18.0       0.0   8.49 109348511.81977214 109353511.81977214    0.0056 30002003003  34-1934  304.9823577834482  268.605292   -26.331306  6.410688103156795e-06 396.60255351996085 
   91.0  0.0373 435.22791 486.13605    1.0 17 54 42.060 -26 22 45.837   -1.0   18.0       0.0  6.979 109358511.81977214 109363511.81977214    0.0053 30002003003  34-1934 284.42741194906415  268.605292   -26.331306 0.00023964003776310528  398.4484897019013 
  121.0  0.0154 325.99396 445.46667    1.0 17 55 02.048 -26 24 25.616   -1.0   18.0 6.339e-06  3.908 109341011.81977214 109346011.81977214    0.0039 30002003003   34-159  564.5965614674001  268.605292   -26.331306  3.965609376816286e-05 205.36792573457728 
  188.0    0.02 318.27905 445.65115    1.0 17 55 03.460 -26 24 25.143   -1.0   18.0 3.901e-08   4.72 109353511.81977214 109358511.81977214    0.0042 30002003003   34-159  581.0588974467128  268.605292   -26.331306  2.001645995797182e-07 254.29637188084982 
  194.0  0.0183 323.70117 450.77011    1.0 17 55 02.467 -26 24 12.574   -1.0   18.0 7.089e-07  4.295 109358511.81977214 109363511.81977214    0.0043 30002003003   34-159  563.4056430716748  268.605292   -26.331306   0.000625039490270112 245.18200297287274 
  101.0  0.0376   503.875 701.52777    1.0 16 35 34.393 -47 14 46.813   -1.0   23.0       0.0  8.598 137653542.86106554 137658542.86106554    0.0044 30001017002  34-1934  534.1667538369454  248.813293   -47.384453 1.4569809264638746e-05 127.69740087778983 
  104.0   0.034  289.4375 561.84821    1.0 16 36 26.250 -47 20 29.451   -1.0   21.0       0.0  8.279 137653542.86106554 137658542.86106554    0.0041 30001017002  34-1934  738.3181128011943  248.813293   -47.384453  0.0004944636193418949 124.79590089240912 
  187.0  0.0262 507.13333 692.97778    1.0 16 35 33.607 -47 15 07.829   -1.0   21.0       0.0  7.176 137693542.86106554 137698542.86106554    0.0037 30001017002  34-1934  511.6796062884887  248.813293   -47.384453   5.44651220475374e-05  89.30948010480994 
  427.0   0.027 500.71429 703.83673    1.0 16 35 35.156 -47 14 41.137   -1.0   23.0       0.0  7.298 137653542.86106554 137658542.86106554    0.0037 30001017002   34-159  542.3117707225113  248.813293   -47.384453 0.00018758714721430988  85.99542340645347 
  460.0  0.0163   444.625 566.29999    1.0 16 35 48.720 -47 20 19.167   -1.0   21.0       0.0  6.369 137673542.86106554 137678542.86106554    0.0026 30001017002   34-159  378.4432845938896  248.813293   -47.384453  0.0007396240873904598   95.4863685304847 
  471.0  0.0318 474.93848 619.09229    1.0 16 35 41.385 -47 18 09.437   -1.0   23.0       0.0  9.306 137678542.86106554 137683542.86106554    0.0034 30001017002   34-159  397.0484215604031  248.813293   -47.384453  0.0007929004201384667  113.7732290468125 
    2.0  0.0106 360.70001     495.0    1.0 17 31 13.042 -21 25 27.927   -1.0   18.0 1.392e-11  4.507  357845863.5057541  357850863.5057541    0.0023 10701407002  34-1934  506.7685476680667   262.67162   -21.491957  0.0004985517224220439 39.388558425197616 
    9.0   0.227 416.51065 659.41736    1.0 05 34 37.637 +21 41 46.314   -1.0   26.0       0.0   15.6  325440031.5282769  325445031.5282769     0.015 10610025001  34-1934 363.07099234931854    83.63303    21.597803 0.00032727990963087256 309.98185908141954 
    4.0   169.0 455.67987 682.13538    1.0 05 34 32.618 +22 00 40.387   -1.0   97.0       0.0  129.1  325214625.2529232  325219625.2529232       1.3 10610007002  34-1934 408.43105614711004    83.63303    21.897802                    0.0  3433.215268157417 
   13.0   111.0 455.75354 682.11493    1.0 05 34 32.605 +22 00 40.336   -1.0   97.0       0.0  104.8  325214625.2529232  325219625.2529232       1.1 10610007002   34-159  408.3758652819533    83.63303    21.897802                    0.0 2225.6847219008146 
   18.0    4.43 457.59207 682.51624    1.0 05 34 32.280 +22 00 41.324   -1.0   97.0       0.0  102.0  325207125.2529232  325212125.2529232     0.043 10610007002 559-1934  409.2846951259141    83.63303    21.897802  1.421221676246512e-18  1630.487261957327 
   23.0    0.22 442.31976 638.43024    1.0 05 34 34.978 +21 58 52.947   -1.0   45.0       0.0  18.96  325212125.2529232  325217125.2529232     0.012 10610007002 559-1934  303.8545253761784    83.63303    21.897802    5.0065956502187e-06  99.42691635383076 
   31.0    4.43 457.59207 682.51624    1.0 05 34 32.280 +22 00 41.324   -1.0   97.0       0.0  102.0  325207125.2529232  325209625.2529232     0.043 10610007002 559-1934  409.2846951259141    83.63303    21.897802  1.421221676246512e-18  1630.487261957327 
   36.0   0.153 455.04742 640.39795    1.0 05 34 32.728 +21 58 57.792   -1.0   38.0       0.0  21.17  325224625.2529232  325229625.2529232    0.0072 10610007002 559-1934   305.925609353935    83.63303    21.897802  2.420546804069624e-08  151.9606550084708 
