| INDEX|COUNTS|     XPIX|     YPIX|VIGCOR|          RA|          DEC|   ERR|  HBOX|     PROB|   SNR|            TSTART|             TSTOP|COUNTSERR|      SEQID|   BOUND|               SEP|      SRCRA|      SRCDEC|                  PVAL|         NETCOUNTS|             TPERSIST|CPERSIST|ACOUNTS|BCOUNTS|
|double|double|   double|   double|double|        char|         char|double|double|   double|double|            double|            double|   double|       char|    char|            double|     double|      double|                double|            double|               double|  double|   long|   long|
|      |      |         |         |      |            |             |      |      |         |      |                  |                  |         |           |        |                  |           |            |                      |                ct|                     |        |       |       |
|  null|  null|     null|     null|  null|        null|         null|  null|  null|     null|  null|              null|              null|     null|       null|    null|              null|       null|        null|                  null|              null|                 null|    null|   null|   null|
    6.0 0.0502     407.0 494.47058    1.0 20 32 35.613 +40 55 09.308   -1.0   16.0 1.769e-13  4.604  403400864.0145432  403401864.0145432     0.011 90802323002  34-1934  177.8307774692914  308.107416     40.95775  0.0005039188477375411 115.16380437899014   0.06432867442985173     0.25    null    null 
    1.0 0.0347   498.125    494.75    1.0 18 29 19.314 -23 50 26.254   -1.0   16.0 7.228e-10  3.758  400698504.2578548  400699004.2578548    0.0092 30801022002  34-1934  199.1771831937081    277.3675    -23.79689 1.9888296567896283e-09 121.79964424688771    0.0334235791203842     0.25    null    null 
   61.0 0.0185 587.18182 565.27271    1.0 20 02 56.839 +36 38 49.216   -1.0   14.0 3.405e-05  3.168 390544864.06481445 390545864.06481445    0.0058 10802310002  34-1934 224.94208054969775   300.79033     36.60161 2.7869216893662315e-05   94.4815959599529  0.051745968273452014     0.25    null    null 
  109.0 0.0352 572.17859 564.82141    1.0 20 02 59.904 +36 38 48.133   -1.0   14.0 3.005e-11  4.787 390550864.06481445 390551864.06481445    0.0073 10802310002  34-1934 200.49728043448334   300.79033     36.60161 0.00016767518705115278 114.54722994531117  0.051745968273452014     0.25    null    null 
  153.0 0.0261 636.29034 566.48389    1.0 20 02 46.809 +36 38 52.075   -1.0   14.0  3.07e-06  3.652 390555864.06481445 390556864.06481445    0.0071 10802310002  34-1934  321.6424257303923   300.79033     36.60161  0.0009092402493564175 106.21010382402366  0.051745968273452014     0.25    null    null 
   68.0 0.0367 439.60657 441.22952    1.0 20 03 27.688 +36 33 40.387   -1.0   14.0 1.515e-10  4.743 390638103.07507163 390639103.07507163    0.0077 10802310004  34-1934 261.14233978950887   300.79033     36.60161  0.0006396835593478874  110.0345513246751  0.062174871173084574     0.25    null    null 
  261.0 0.0256     471.0 494.47058    1.0 20 03 21.285 +36 35 51.290   -1.0   14.0 1.196e-05  3.488 390659603.07507163 390660603.07507163    0.0073 10802310004  34-1934 140.49415203583644   300.79033     36.60161  0.0002270917877597188  122.1460019728423  0.062174871173084574     0.25    null    null 
  127.0 0.0145 336.88889 528.77777    1.0 17 49 09.842 -27 12 09.129   -1.0   16.0 3.363e-07  3.319 370138026.97916776 370139026.97916776    0.0044 40702003008  34-1934  345.8670628859217     267.192    -27.16414  0.0008910487584323191  31.44754685076492 0.0070686235384080035     0.25    null    null 
    4.0 0.0143     492.0 523.63635    1.0 21 43 00.507 +43 34 24.591   -1.0   16.0 2.336e-06  3.202  352742872.0047613  352743872.0047613    0.0045 90702309004  34-1934 197.60585547600627  325.678348    43.586073  4.360895349328251e-05  82.40317751641993   0.05234546567446616     0.25    null    null 
   19.0 0.0135 621.44446 465.22223    1.0 15 57 27.759 -54 23 35.177   -1.0   16.0  1.49e-06  3.171  349054411.0306109  349055411.0306109    0.0042 90701302002  34-1934 201.53209738123854  239.454167      -54.415  3.018949374562932e-08 107.32729617750921   0.03527095828938527     0.25    null    null 
    1.0 0.0878 495.53845 507.69232    1.0 05 38 56.539 +26 22 06.279   -1.0   18.0 6.173e-14  4.648  344712526.7523351  344713526.7523351     0.019 90601336002   34-159  188.2136969847744      84.725       26.317                    0.0 333.73874641522025    0.4194822843599167     0.25    null    null 
    2.0 0.0692 510.92307 511.61539    1.0 05 38 53.726 +26 22 15.922   -1.0   16.0 2.596e-11  4.126  344712526.7523351  344713526.7523351     0.017 90601336002   34-159 194.77628697427366      84.725       26.317 1.3790622278942082e-23 172.44367794343765    0.4194822843599167     0.25    null    null 
    3.0 0.0611   507.375  522.9375    1.0 05 38 54.374 +26 22 43.753   -1.0   16.0  3.77e-10  3.877  344712526.7523351  344713526.7523351     0.016 90601336002   34-159  222.6281754137365      84.725       26.317  8.753996629472817e-05  88.00463419054103    0.4194822843599167     0.25    null    null 
    4.0 0.0466 486.70001 520.20001    1.0 05 38 58.156 +26 22 37.023   -1.0   16.0 8.352e-07  3.252  344712526.7523351  344713526.7523351     0.014 90601336002   34-159 222.94785948418738      84.725       26.317  3.434805416355433e-11 165.95102934570895    0.4194822843599167     0.25    null    null 
    5.0  0.063 485.84616 509.84616    1.0 05 38 58.312 +26 22 11.572   -1.0   16.0 4.029e-10  3.914  344712526.7523351  344713526.7523351     0.016 90601336002   34-159  199.0112956501716      84.725       26.317                    0.0  338.0472646004647    0.4194822843599167     0.25    null    null 
    6.0  0.117 527.46667 505.70001    1.0 05 38 50.700 +26 22 01.377   -1.0   18.0       0.0  5.355  344712526.7523351  344713526.7523351     0.022 90601336002   34-159 185.58191781357277      84.725       26.317  7.547740736072659e-13 139.13179724450356    0.4194822843599167     0.25    null    null 
    7.0 0.0511 462.92307 499.53845    1.0 05 39 02.505 +26 21 46.226   -1.0   16.0 1.242e-06  3.316  344712526.7523351  344713526.7523351     0.015 90601336002   34-159  200.7619539295429      84.725       26.317  8.872795807275455e-18  364.6978488697662    0.4194822843599167     0.25    null    null 
   10.0  0.176 457.36111 483.52777    1.0 05 39 03.521 +26 21 06.867   -1.0   18.0       0.0  6.791  344712526.7523351  344713526.7523351     0.026 90601336002   34-159 179.36790956994818      84.725       26.317                    0.0 333.13662264795664    0.4194822843599167     0.25    null    null 
   14.0  0.122 443.35898 457.30768    1.0 05 39 06.080 +26 20 02.405   -1.0   16.0       0.0  5.584  344712526.7523351  344713526.7523351     0.022 90601336002   34-159 173.54068091504578      84.725       26.317 1.1012788756119801e-10  126.5915441639518    0.4194822843599167     0.25    null    null 
   22.0 0.0132 584.36365 463.63635    1.0 05 38 43.033 +26 20 06.054   -1.0   18.0 5.824e-08  3.292  342809584.0028461  342810584.0028461     0.004 90601334003 559-1934   161.107222156829      84.725       26.317 0.00020973584072341312  39.10668699767298    0.3868295381526274     0.25    null    null 
    4.0 0.0122 455.45456 566.54541    1.0 23 58 08.519 -32 33 52.914   -1.0   23.0  8.63e-12   3.37  335792596.0898058  335793596.0898058    0.0036 90601327002   34-159  307.6874423722764    359.4625   -32.624056 0.00035772263063962796  14.62639624091862  0.022502027548507015     0.25    null    null 
    9.0 0.0133     386.0 562.40002    1.0 18 58 58.518 +03 26 48.345   -1.0   16.0 2.851e-08  3.328  310531841.5607823  310532841.5607823     0.004 90501348002  34-1934 234.59394668723465     284.679        3.439 0.00022519337324975044 26.586656628942656  0.026013431558543798     0.25    null    null 
   11.0 0.0211     411.0  520.0625    1.0 18 58 54.413 +03 25 04.280   -1.0   16.0 1.998e-10  4.063  310547841.5607823  310548841.5607823    0.0052 90501348002  34-1934 187.61063017476104     284.679        3.439 2.4463316306891915e-08  83.46423769720025  0.026013431558543798     0.25    null    null 
  126.0 0.0898     477.5 558.35999    1.0 17 45 44.342 -29 00 13.290   -1.0   16.0       0.0  8.678  300186464.4284017  300187464.4284017      0.01 90501330002  34-1934  58.38535434079001  266.416817   -29.007825 0.00045132210605511194 156.23590561666902  0.012188108915995347     0.25    null    null 
   74.0 0.0421 511.93332 408.73334    1.0 19 55 38.133 +32 04 18.987   -1.0   16.0       0.0   5.95 297347352.00754017 297348352.00754017    0.0071 90501328002  34-1934 104.56055478598223    298.9264      32.0969 1.2257564226661577e-21  143.9519172072263  0.027927520363854815     0.25    null    null 
  140.0 0.0307 571.73334 698.93335    1.0 19 55 26.538 +32 16 12.283   -1.0   18.0       0.0  5.262 297340352.00754017 297341352.00754017    0.0058 90501328002   34-159  654.8937688203799    298.9264      32.0969  0.0008524313505878917  44.45878435425922  0.027927520363854815     0.25    null    null 
   17.0 0.0282 601.94446 475.66666    1.0 17 31 44.671 -33 48 54.102   -1.0   18.0  1.12e-11  4.121 291008344.00863063 291009344.00863063    0.0068 90501312002  34-1934 179.06877100236352     262.992     -33.8329 1.7141465510229747e-06  87.07827459761108   0.22073179615356708      0.5    null    null 
   28.0 0.0297 607.36365 468.09091    1.0 17 31 43.601 -33 49 12.713   -1.0   16.0 2.182e-08  3.535 291013344.00863063 291014344.00863063    0.0084 90501312002  34-1934  186.1458817793655     262.992     -33.8329  0.0007537396383149058  32.70148417524126   0.14715453076904472      0.5    null    null 
   31.0  0.164 524.16663 503.83334    1.0 17 32 00.013 -33 47 44.961   -1.0   21.0       0.0  4.485 291018344.00863063 291019344.00863063     0.037 90501312002  34-1934 135.61264270216716     262.992     -33.8329 0.00016453395158853412  58.52734117078538   0.07357726538452236     0.25    null    null 
   50.0 0.0679 540.11536  520.4231    1.0 17 31 56.869 -33 47 04.172   -1.0   18.0       0.0  5.513 291030344.00863063 291031344.00863063     0.012 90501312002  34-1934 174.90401492118002     262.992     -33.8329  0.0006913831869165272  88.79109619142329   0.07357726538452236     0.25    null    null 
   66.0 0.0137 613.40002 437.89999    1.0 17 31 42.405 -33 50 26.912   -1.0   16.0 3.476e-06  3.136 291014844.00863063 291015844.00863063    0.0044 90501312002  34-1934   197.393363105866     262.992     -33.8329  0.0005383545685683006   66.4594691720362   0.07357726538452236      0.5    null    null 
  110.0 0.0248     600.5 486.78571    1.0 17 31 44.958 -33 48 26.773   -1.0   16.0 3.344e-13   4.39 291025344.00863063 291026344.00863063    0.0056 90501312002   34-159  187.4776499784046     262.992     -33.8329  0.0001067033573470264  51.63119090671904   0.14715453076904472      0.5    null    null 
  135.0 0.0118   608.875    436.75    1.0 17 31 43.298 -33 50 29.749   -1.0   16.0 1.333e-06  3.053 291014844.00863063 291015844.00863063    0.0039 90501312002   34-159  186.8443901252355     262.992     -33.8329  0.0007396240873904598  54.96986257196471   0.07357726538452236      0.5    null    null 
  162.0 0.0142     602.0     471.5    1.0 17 31 44.660 -33 49 04.344   -1.0   16.0 8.823e-09   3.44 291037344.00863063 291038344.00863063    0.0041 90501312002  159-559  175.7780106205367     262.992     -33.8329  0.0008828661472503143  44.43208352551538   0.22073179615356708      0.5    null    null 
  167.0 0.0262 601.69232 481.23077    1.0 17 31 44.722 -33 48 40.425   -1.0   18.0 2.069e-11  3.734 291038344.00863063  291038948.9704807     0.007 90501312002  159-559 183.85128691158582     262.992     -33.8329  0.0008722385497380138 13.020445316034577   0.22073179615356708     0.75    null    null 
   60.0 0.0329 577.27271 564.90906    1.0 16 59 05.516 -37 05 34.090   -1.0   14.0 1.376e-07  3.948 246740073.26150826 246741073.26150826    0.0083 90301324001  34-1934   343.714926378694    254.8874    -37.12088  8.571996040489729e-05   4.18029620773062  0.054219392142969655      0.5     252    2895 
   69.0 0.0378 545.22223 635.33331    1.0 16 59 12.106 -37 02 41.023   -1.0   14.0  1.11e-08  4.265 246740073.26150826 246741073.26150826    0.0089 90301324001  34-1934  370.8500854218008    254.8874    -37.12088   0.000802905990434182   96.3681761720782  0.054219392142969655     0.25     159    2882 
  118.0 0.0213 574.47998 622.03998    1.0 16 59 06.097 -37 03 13.661   -1.0   14.0 4.987e-05  3.204 246752073.26150826 246753073.26150826    0.0066 90301324001  34-1934  402.2175569452471    254.8874    -37.12088 4.5688669763432724e-07  4.411658108941386  0.027109696071484828     0.25     152    2520 
  178.0 0.0166 570.41663 525.58337    1.0 16 59 06.919 -37 07 10.768   -1.0   14.0 2.249e-05  3.142 246771073.26150826 246772073.26150826    0.0053 90301324001  34-1934  311.7137462928784    254.8874    -37.12088   0.000600496099752382  3.002842386270905  0.027109696071484828      0.5     311    1777 
  205.0 0.0216 575.14282 544.38098    1.0 16 59 05.950 -37 06 24.554   -1.0   14.0  8.92e-06  3.413 246783073.26150826 246784073.26150826    0.0063 90301324001  34-1934   327.235442296293    254.8874    -37.12088  0.0008910487584323191 10.085474769837777  0.027109696071484828     0.25     321    2904 
  228.0 0.0191  577.3125   536.625    1.0 16 59 05.503 -37 06 43.615   -1.0   14.0 9.141e-06  3.327 246787073.26150826 246788073.26150826    0.0057 90301324001  34-1934 330.14509584278426    254.8874    -37.12088  0.0006386179594451299                0.0  0.054219392142969655     0.25     275    1986 
  276.0 0.0191 576.07141     576.0    1.0 16 59 05.764 -37 05 06.830   -1.0   14.0 3.722e-05  3.106 246736573.26150826 246737573.26150826    0.0062 90301324001  34-1934  349.9471767843925    254.8874    -37.12088  0.0003577226306396284                1.0  0.027109696071484828     0.25     154    2104 
  279.0 0.0315 580.16663   531.875    1.0 16 59 04.916 -37 06 55.287   -1.0   14.0 1.023e-09  4.459 246740573.26150826 246741573.26150826    0.0071 90301324001  34-1934 336.23673245836454    254.8874    -37.12088  2.680534334562675e-05 4.9532616114075925  0.054219392142969655     0.25     331    3051 
  300.0 0.0216 578.38708 598.87097    1.0 16 59 05.292 -37 04 10.607   -1.0   14.0 1.348e-05  3.368 246746573.26150826 246747573.26150826    0.0064 90301324001  34-1934 379.18930663003675    254.8874    -37.12088  0.0004588919691109391  6.589818890773409  0.027109696071484828     0.25     194    2481 
  318.0 0.0258 416.42856 471.28571    1.0 16 59 38.575 -37 09 24.213   -1.0   14.0 1.006e-05  3.513 246763573.26150826 246764573.26150826    0.0073 90301324001  34-1934 145.38153277158148    254.8874    -37.12088 1.5156827085453767e-06 204.33327849586522  0.027109696071484828     0.25    7045    9910 
  344.0 0.0206 550.13635     636.0    1.0 16 59 11.097 -37 02 39.380   -1.0   14.0 2.652e-05  3.264 246782573.26150826 246783573.26150826    0.0063 90301324001  34-1934  380.2774322362331    254.8874    -37.12088  0.0006014393425566795  81.81780811106947  0.054219392142969655     0.25     121    2338 
  347.0 0.0369 428.88889 474.33334    1.0 16 59 36.012 -37 09 16.744   -1.0   16.0 4.385e-08  4.322 246787573.26150826 246788573.26150826    0.0085 90301324001  34-1934 126.88913142148913    254.8874    -37.12088  5.084069856950009e-07  315.3655084593253  0.027109696071484828     0.25    7489    9930 
  407.0 0.0151 567.92859 522.28571    1.0 16 59 07.430 -37 07 18.878   -1.0   14.0 3.946e-05  3.022 246771073.26150826 246772073.26150826     0.005 90301324001   34-159  305.5892635372742    254.8874    -37.12088  0.0006386179594451299                0.0  0.027109696071484828      0.5     104    1307 
  501.0 0.0158 577.27271 561.09094    1.0 16 59 05.515 -37 05 43.476   -1.0   14.0 2.028e-06    3.3 246800573.26150826 246801573.26150826    0.0048 90301324001   34-159 341.07927698432803    254.8874    -37.12088  0.0002913030692571581 0.9908083950145214  0.054219392142969655      0.5      75    1270 
  361.0 0.0499     450.5 529.58337    1.0 17 28 19.806 -14 15 55.221   -1.0   18.0       0.0  5.746 175225037.82624784 175226037.82624784    0.0087 90101008002  34-1934 0.6405614751979393  262.082483   -14.265519  3.337370908976882e-05  38.54181358556684  0.047839334030994336      0.5    null    null 
  385.0 0.0257 562.36841  317.1579    1.0 17 28 00.884 -14 24 37.379   -1.0   18.0 3.331e-16  4.696 175237037.82624784 175238037.82624784    0.0055 90101008002  34-1934  589.5293328099987  262.082483   -14.265519  0.0006820516161507878 43.629033480985754   0.01594644467699811     0.25    null    null 
  504.0 0.0402 447.10001 390.20001    1.0 17 28 20.385 -14 21 37.838   -1.0   18.0 5.098e-13  3.906 175187537.82624784 175188537.82624784      0.01 90101008002  34-1934  342.0945900504043  262.082483   -14.265519  0.0005587088576447647   32.6654844485954   0.01594644467699811     0.25    null    null 
  507.0 0.0454     452.0 530.29999    1.0 17 28 19.553 -14 15 53.460   -1.0   18.0       0.0  5.253 175196537.82624784 175197537.82624784    0.0086 90101008002  34-1934 4.2849478464250526  262.082483   -14.265519  0.0004588919691109374  25.23305984885026  0.047839334030994336      0.5    null    null 
 1029.0 0.0182     452.0 532.07141    1.0 17 28 19.553 -14 15 49.105   -1.0   21.0       0.0   4.17 175248537.82624784 175249537.82624784    0.0044 90101008002  159-559  7.625173847482915  262.082483   -14.265519   0.000600496099752382               18.0  0.047839334030994336      0.5    null    null 
   14.0  0.126 545.32654 528.51697    1.0 18 04 06.347 -34 18 08.871   -1.0   18.0       0.0  10.42  166711788.0297548  166712788.0297548     0.012 90101003002  34-1934 172.51258921244218   271.03791   -34.349444 2.6816540260230333e-05 127.14442155041809   0.05127646185657273     0.25    null    null 
   19.0 0.0533    456.75 457.98529    1.0 18 04 23.924 -34 21 02.247   -1.0   16.0       0.0  6.419  166711788.0297548  166712788.0297548    0.0083 90101003002  34-1934 183.62732557822716   271.03791   -34.349444 4.9580863494345397e-20 330.74643500341483    0.1538293855697182      0.5    null    null 
   21.0 0.0329 447.36111 461.55554    1.0 18 04 25.787 -34 20 53.461   -1.0   14.0       0.0  5.076  166711788.0297548  166712788.0297548    0.0065 90101003002  34-1934 206.70163486312893   271.03791   -34.349444  8.972874977546471e-06  170.5097629787827   0.05127646185657273     0.25    null    null 
   22.0 0.0385 460.56522 439.47827    1.0 18 04 23.168 -34 21 47.742   -1.0   16.0       0.0  5.233  166711788.0297548  166712788.0297548    0.0073 90101003002  34-1934 181.17071655557982   271.03791   -34.349444 3.5342474370678223e-25  205.9360063586763    0.1538293855697182     0.25    null    null 
   23.0 0.0551    471.75 424.64285    1.0 18 04 20.948 -34 22 24.217   -1.0   16.0       0.0  6.639  166711788.0297548  166712788.0297548    0.0083 90101003002  34-1934 170.17284421727047   271.03791   -34.349444                    0.0 258.05204772951924   0.10255292371314546     0.25    null    null 
   28.0 0.0218     460.5  425.9375    1.0 18 04 23.182 -34 22 21.027   -1.0   14.0  3.65e-08  3.858  166711788.0297548  166712788.0297548    0.0057 90101003002  34-1934 193.13353574004026   271.03791   -34.349444  2.939274945129656e-11  102.1323966581713   0.20510584742629093      0.5    null    null 
   35.0 0.0575 606.78125    476.75    1.0 18 03 54.147 -34 20 16.027   -1.0   16.0       0.0  6.974  166711788.0297548  166712788.0297548    0.0082 90101003002  34-1934  189.8894911393504   271.03791   -34.349444 5.6606599152964665e-15  132.5353800764534   0.20510584742629093      0.5    null    null 
   39.0 0.0532 609.79688 447.35938    1.0 18 03 53.544 -34 21 28.266   -1.0   16.0       0.0  6.656  166711788.0297548  166712788.0297548     0.008 90101003002  34-1934  195.0090046045714   271.03791   -34.349444  6.790138711276928e-13    217.40909572329   0.05127646185657273     0.25    null    null 
   41.0 0.0171 577.77777 397.66666    1.0 18 03 59.894 -34 23 30.475   -1.0   14.0 1.048e-06   3.41  166711788.0297548  166712788.0297548     0.005 90101003002  34-1934 190.38794058619115   271.03791   -34.349444  0.0002168562901878026  77.02411996528622   0.10255292371314546     0.25    null    null 
   42.0 0.0273 610.70587 431.82352    1.0 18 03 53.361 -34 22 06.452   -1.0   16.0 8.644e-11  4.422  166711788.0297548  166712788.0297548    0.0062 90101003002  34-1934 206.57509257263496   271.03791   -34.349444  0.0001829013909043125   92.5069394242056   0.10255292371314546      0.5    null    null 
   44.0 0.0641 485.08109 518.47296    1.0 18 04 18.299 -34 18 33.578   -1.0   16.0       0.0  7.448  166722788.0297548  166723788.0297548    0.0086 90101003002  34-1934 183.94286684455085   271.03791   -34.349444  0.0004163793201196503  76.36780115780513   0.10255292371314546      0.5    null    null 
   57.0 0.0278 553.35291 550.35291    1.0 18 04 04.757 -34 17 15.188   -1.0   16.0 1.101e-13  4.691  166722788.0297548  166723788.0297548    0.0059 90101003002  34-1934 229.19614324101312   271.03791   -34.349444   0.000559461420583565  77.16486749406192   0.05127646185657273     0.25    null    null 
   60.0  0.128 576.49316 517.04114    1.0 18 04 00.163 -34 18 37.042   -1.0   21.0       0.0  10.58  166722788.0297548  166723788.0297548     0.012 90101003002  34-1934 179.21814407081035   271.03791   -34.349444   8.44560377856948e-07  310.5151547848718   0.20510584742629093     0.75    null    null 
   61.0 0.0268 443.14285 450.85715    1.0 18 04 26.626 -34 21 19.755   -1.0   16.0  4.94e-13  4.592  166722788.0297548  166723788.0297548    0.0058 90101003002  34-1934 218.12298962808327   271.03791   -34.349444  6.155073069020804e-05  80.68847814379782   0.05127646185657273     0.25    null    null 
   62.0 0.0224  438.9375  463.5625    1.0 18 04 27.459 -34 20 48.518   -1.0   16.0 2.729e-09  4.026  166722788.0297548  166723788.0297548    0.0056 90101003002  34-1934 227.55735928902305   271.03791   -34.349444 0.00023272283337848803   65.1367336214436   0.05127646185657273     0.25    null    null 
   67.0 0.0477     467.0 421.61539    1.0 18 04 21.891 -34 22 31.656   -1.0   16.0       0.0  6.268  166722788.0297548  166723788.0297548    0.0076 90101003002  34-1934 184.00787927642017   271.03791   -34.349444  6.499261889087902e-10  84.01884768938972   0.10255292371314546     0.25    null    null 
   76.0 0.0595 607.71796 469.51282    1.0 18 03 53.960 -34 20 33.815   -1.0   18.0       0.0  6.962  166722788.0297548  166723788.0297548    0.0085 90101003002  34-1934 189.05845256582907   271.03791   -34.349444 0.00025072227779996504  222.4431325782058    0.1538293855697182      0.5    null    null 
   87.0 0.0706 464.89655 496.05173    1.0 18 04 22.305 -34 19 28.682   -1.0   16.0       0.0  7.844  166728788.0297548  166729788.0297548     0.009 90101003002  34-1934 186.34239244054822   271.03791   -34.349444 1.1733539830925613e-06 207.14270302224165   0.05127646185657273     0.25    null    null 
   92.0 0.0402 456.35483 469.25806    1.0 18 04 24.002 -34 20 34.537   -1.0   16.0       0.0  5.517  166728788.0297548  166729788.0297548    0.0073 90101003002  34-1934  186.0349062614417   271.03791   -34.349444  8.862164956860093e-10 197.08274727464368   0.05127646185657273     0.25    null    null 
   93.0 0.0624 558.79071 539.83722    1.0 18 04 03.678 -34 17 41.031   -1.0   18.0       0.0   7.02  166728788.0297548  166729788.0297548    0.0089 90101003002  34-1934  208.0876147137402   271.03791   -34.349444  0.0002774417202377257 128.58397611649795   0.10255292371314546     0.25    null    null 
   95.0 0.0584  570.7381  533.5238    1.0 18 04 01.307 -34 17 56.535   -1.0   18.0       0.0  6.743  166728788.0297548  166729788.0297548    0.0087 90101003002  34-1934 205.52911395395992   271.03791   -34.349444   6.69548002647231e-05  149.7602099785408    0.1538293855697182      0.5    null    null 
   97.0 0.0292 452.52942 454.29413    1.0 18 04 24.762 -34 21 11.316   -1.0   16.0  9.59e-11    4.5  166728788.0297548  166729788.0297548    0.0065 90101003002  34-1934 194.41071368041497   271.03791   -34.349444 4.2016137783975614e-16  224.1015911906236   0.10255292371314546     0.25    null    null 
  100.0  0.096 587.98035 507.43137    1.0 18 03 57.883 -34 19 00.645   -1.0   18.0       0.0  8.953  166728788.0297548  166729788.0297548     0.011 90101003002  34-1934 181.85883421270404   271.03791   -34.349444  0.0008164130459403414 317.28873198489975    0.1538293855697182     0.25    null    null 
  102.0 0.0192 472.36365 415.22726    1.0 18 04 20.827 -34 22 47.362   -1.0   14.0 1.097e-06  3.512  166728788.0297548  166729788.0297548    0.0055 90101003002  34-1934 181.78971747763757   271.03791   -34.349444   0.000881748911339239 138.96654313388953   0.05127646185657273     0.25    null    null 
  104.0 0.0633 602.20929 484.83722    1.0 18 03 55.056 -34 19 56.157   -1.0   18.0       0.0  6.992  166728788.0297548  166729788.0297548    0.0091 90101003002  34-1934 184.60446913117772   271.03791   -34.349444  6.447214332840097e-27 191.03008282954693    0.1538293855697182     0.75    null    null 
  110.0 0.0414    609.44 457.92001    1.0 18 03 53.616 -34 21 02.307   -1.0   16.0       0.0  5.743  166728788.0297548  166729788.0297548    0.0072 90101003002  34-1934 191.80807689283574   271.03791   -34.349444   7.66071124844932e-05 175.98030429208399   0.10255292371314546      0.5    null    null 
  111.0 0.0377 606.77271 439.63635    1.0 18 03 54.143 -34 21 47.256   -1.0   16.0       0.0  5.502  166728788.0297548  166729788.0297548    0.0069 90101003002  34-1934 191.66213054697135   271.03791   -34.349444  0.0009895461520305817  95.08380833131613    0.1538293855697182      0.5    null    null 
  114.0 0.0934 537.77588 534.74139    1.0 18 04 07.846 -34 17 53.577   -1.0   18.0       0.0  8.944  166734788.0297548  166735788.0297548      0.01 90101003002  34-1934 185.05485475359475   271.03791   -34.349444  0.0004304410863532338   190.830262835874   0.10255292371314546     0.25    null    null 
  116.0  0.101 567.67212 527.62292    1.0 18 04 01.915 -34 18 11.044   -1.0   18.0       0.0  9.374  166734788.0297548  166735788.0297548     0.011 90101003002  34-1934 189.18155753728269   271.03791   -34.349444  0.0007361558928183288 248.40931372179494    0.1538293855697182      0.5    null    null 
  119.0 0.0561 582.91895 520.67566    1.0 18 03 58.889 -34 18 28.098   -1.0   18.0       0.0  6.522  166734788.0297548  166735788.0297548    0.0086 90101003002  34-1934 196.12213972604516   271.03791   -34.349444 2.6075033555157016e-06 225.18809085839754   0.20510584742629093     0.75    null    null 
  120.0 0.0189 458.20001 428.39999    1.0 18 04 23.638 -34 22 14.972   -1.0   14.0  1.02e-06    3.5  166734788.0297548  166735788.0297548    0.0054 90101003002  34-1934 195.78845966397188   271.03791   -34.349444  1.818256352159462e-10  76.50864097676526    0.1538293855697182      0.5    null    null 
  121.0 0.0654 597.30951 512.92859    1.0 18 03 56.033 -34 18 47.116   -1.0   18.0       0.0  7.354  166734788.0297548  166735788.0297548    0.0089 90101003002  34-1934 208.14567168796134   271.03791   -34.349444  2.611845468194421e-05 142.45801808793524   0.10255292371314546     0.25    null    null 
  133.0  0.082  538.8269 538.30768    1.0 18 04 07.637 -34 17 44.810   -1.0   18.0       0.0  8.287  166740788.0297548  166741788.0297548    0.0099 90101003002  34-1934  194.0170779915737   271.03791   -34.349444   0.000734349868942222  164.8924434818254   0.10255292371314546     0.25    null    null 
  134.0 0.0218 455.36365 481.45456    1.0 18 04 24.197 -34 20 04.555   -1.0   14.0 1.296e-08  3.915  166740788.0297548  166741788.0297548    0.0056 90101003002  34-1934 194.45883059654983   271.03791   -34.349444 0.00015026423121318485 232.74539944544324   0.05127646185657273      0.5    null    null 
  136.0 0.0683  554.6571 537.25714    1.0 18 04 04.497 -34 17 47.378   -1.0   18.0       0.0  7.456  166740788.0297548  166741788.0297548    0.0092 90101003002  34-1934 198.94847679496831   271.03791   -34.349444 0.00034611461494304366 162.76226131139947   0.10255292371314546      0.5    null    null 
  139.0 0.0572 591.72974 513.81079    1.0 18 03 57.140 -34 18 44.957   -1.0   18.0       0.0  6.745  166740788.0297548  166741788.0297548    0.0085 90101003002  34-1934 199.10678558441722   271.03791   -34.349444  7.730215403614154e-06  167.0877572508756   0.20510584742629093     0.75    null    null 
  143.0 0.0702 607.20929 483.65115    1.0 18 03 54.064 -34 19 59.062   -1.0   18.0       0.0  7.442  166740788.0297548  166741788.0297548    0.0094 90101003002  34-1934 195.32791597489344   271.03791   -34.349444 1.3490241471164974e-11 189.69353372806995   0.25638230928286365     0.75    null    null 
  154.0 0.0302    455.56    437.44    1.0 18 04 24.162 -34 21 52.748   -1.0   16.0 7.213e-12  4.664  166711288.0297548  166712288.0297548    0.0065 90101003002  34-1934 194.38495949593303   271.03791   -34.349444  3.411765177219627e-13 122.17525382530563    0.1538293855697182     0.25    null    null 
  158.0 0.0918 595.88678 495.22641    1.0 18 03 56.312 -34 19 30.632   -1.0   18.0       0.0  8.957  166711288.0297548  166712288.0297548      0.01 90101003002  34-1934 180.88284719173427   271.03791   -34.349444 3.5402720179959145e-06  266.3575410538733   0.05127646185657273     0.25    null    null 
  169.0 0.0389     457.0 446.60001    1.0 18 04 23.875 -34 21 30.233   -1.0   16.0       0.0  5.246  166717288.0297548  166718288.0297548    0.0074 90101003002  34-1934 185.78375241145895   271.03791   -34.349444                    0.0   295.331095347251   0.20510584742629093      0.5    null    null 
  172.0   0.11 590.85333 501.67999    1.0 18 03 57.312 -34 19 14.778   -1.0   18.0       0.0  9.703  166717288.0297548  166718288.0297548     0.011 90101003002  34-1934 178.80238498753897   271.03791   -34.349444 3.9984128631949746e-05   264.603388957423   0.10255292371314546     0.25    null    null 
  175.0 0.0452 477.94736 406.78946    1.0 18 04 19.718 -34 23 08.105   -1.0   16.0       0.0  5.982  166717288.0297548  166718288.0297548    0.0075 90101003002  34-1934 184.97409562485043   271.03791   -34.349444  4.474799840287672e-06 107.26778746549442   0.10255292371314546     0.25    null    null 
  194.0 0.0244 450.83334 441.55554    1.0 18 04 25.100 -34 21 42.627   -1.0   16.0 3.998e-08  3.965  166729288.0297548  166730288.0297548    0.0062 90101003002  34-1934 203.09667756209495   271.03791   -34.349444 1.4030366579776732e-10 123.55794383997048    0.1538293855697182      0.5    null    null 
  195.0 0.0371 484.78125     408.0    1.0 18 04 18.361 -34 23 05.132   -1.0   16.0       0.0  5.192  166729288.0297548  166730288.0297548    0.0071 90101003002  34-1934  171.2172619801166   271.03791   -34.349444 7.2536825734721615e-06 131.49993303029402   0.10255292371314546     0.25    null    null 
  196.0 0.0798 600.47461 444.01694    1.0 18 03 55.394 -34 21 36.501   -1.0   18.0       0.0  8.231  166729288.0297548  166730288.0297548    0.0097 90101003002  34-1934  174.0474281650032   271.03791   -34.349444  0.0007764373005222365 107.02988756642478   0.10255292371314546     0.25    null    null 
  202.0  0.048 571.58069 401.93549    1.0 18 04 01.125 -34 23 19.991   -1.0   16.0       0.0  6.302  166740288.0297548  166741288.0297548    0.0076 90101003002  34-1934  172.9684593546982   271.03791   -34.349444   0.000512059958133488   47.4899317086396   0.10255292371314546     0.25    null    null 
  226.0 0.0844 572.92456 517.84906    1.0 18 04 00.871 -34 18 35.062   -1.0   18.0       0.0  8.483  166722788.0297548  166723788.0297548    0.0099 90101003002   34-159  175.5458311765162   271.03791   -34.349444 1.3383849176140255e-05  287.7173479798482    0.1538293855697182     0.75    null    null 
  232.0 0.0583     585.5 517.70587    1.0 18 03 58.377 -34 18 35.394   -1.0   18.0       0.0  6.871  166722788.0297548  166723788.0297548    0.0085 90101003002   34-159 194.87006073446582   271.03791   -34.349444  2.404898712001152e-05 157.48744228177435   0.20510584742629093     0.75    null    null 
  257.0 0.0602 481.97058 520.58826    1.0 18 04 18.916 -34 18 28.377   -1.0   18.0       0.0  7.242  166740788.0297548  166741788.0297548    0.0083 90101003002   34-159 192.78092448658413   271.03791   -34.349444  0.0008776892881243515 101.49491565348674   0.10255292371314546      0.5    null    null 
  260.0 0.0264 454.73334 487.39999    1.0 18 04 24.322 -34 19 49.940   -1.0   16.0 1.725e-12  4.533  166740788.0297548  166741788.0297548    0.0058 90101003002   34-159  200.4306730696054   271.03791   -34.349444  0.0008251329208512536 157.51158578314323   0.05127646185657273      0.5    null    null 
  263.0 0.0339 549.24139 539.62073    1.0 18 04 05.572 -34 17 41.573   -1.0   16.0       0.0  5.176  166740788.0297548  166741788.0297548    0.0066 90101003002   34-159 201.21030401548512   271.03791   -34.349444  0.0006717038005280864 131.19962573952634   0.05127646185657273      0.5    null    null 
  264.0 0.0972 565.90906 528.24243    1.0 18 04 02.264 -34 18 09.523   -1.0   18.0       0.0  9.307  166740788.0297548  166741788.0297548      0.01 90101003002   34-159 188.54415028093953   271.03791   -34.349444  0.0005265324643796429   203.790384524432    0.1538293855697182      0.5    null    null 
  265.0 0.0862 579.66663 514.49023    1.0 18 03 59.533 -34 18 43.308   -1.0   18.0       0.0  8.576  166740788.0297548  166741788.0297548      0.01 90101003002   34-159 179.38976064330768   271.03791   -34.349444  9.960134729317967e-08 273.04900161580014   0.20510584742629093     0.75    null    null 
  267.0 0.0317 466.66666 433.66666    1.0 18 04 21.957 -34 22 02.032   -1.0   16.0 5.256e-13  4.835  166740788.0297548  166741788.0297548    0.0066 90101003002   34-159 171.60502634320747   271.03791   -34.349444 1.8179618642425364e-10 106.24903637483335   0.05127646185657273     0.25    null    null 
  272.0 0.0574 602.95654     483.5    1.0 18 03 54.908 -34 19 59.443   -1.0   18.0       0.0  6.761  166740788.0297548  166741788.0297548    0.0085 90101003002   34-159 185.26748442835986   271.03791   -34.349444 2.9567867162401086e-23 190.85519089274408   0.25638230928286365     0.75    null    null 
  294.0 0.0251 450.33334 443.77777    1.0 18 04 25.199 -34 21 37.164   -1.0   16.0 4.206e-10   4.25  166711288.0297548  166712288.0297548    0.0059 90101003002   34-159 203.17057743639356   271.03791   -34.349444 1.1686566392421029e-08 114.27185283953432    0.1538293855697182      0.5    null    null 
  298.0   0.03    458.75  426.4375    1.0 18 04 23.529 -34 22 19.796   -1.0   16.0 6.358e-13  4.751  166711288.0297548  166712288.0297548    0.0063 90101003002   34-159 196.50599650735614   271.03791   -34.349444  6.404871876473389e-09  96.04161389047712    0.1538293855697182      0.5    null    null 
  299.0 0.0585 602.86841 470.73685    1.0 18 03 54.923 -34 20 30.816   -1.0   18.0       0.0  6.892  166711288.0297548  166712288.0297548    0.0085 90101003002   34-159 177.67094963141076   271.03791   -34.349444  3.700395514779351e-17 242.56021700905134    0.1538293855697182      0.5    null    null 
  301.0 0.0326 610.23999 483.07999    1.0 18 03 53.462 -34 20 00.460   -1.0   16.0 3.209e-14  4.979  166711288.0297548  166712288.0297548    0.0066 90101003002   34-159 202.04630517388006   271.03791   -34.349444 3.7051115509454233e-07 129.59617004675022   0.20510584742629093      0.5    null    null 
  304.0 0.0176 612.85712 438.21429    1.0 18 03 52.935 -34 21 50.738   -1.0   16.0  8.34e-07  3.455  166711288.0297548  166712288.0297548    0.0051 90101003002   34-159  207.0128086709847   271.03791   -34.349444  7.558301259123968e-05 107.96214188992347    0.1538293855697182      0.5    null    null 
  306.0 0.0339 478.94736  510.6842    1.0 18 04 19.516 -34 18 52.721   -1.0   16.0       0.0  5.296  166740288.0297548  166741288.0297548    0.0064 90101003002   34-159  179.8182674835013   271.03791   -34.349444 1.1490855208816604e-06 152.71380116141802   0.05127646185657273     0.25    null    null 
  315.0  0.025 615.84613 477.53845    1.0 18 03 52.349 -34 20 14.069   -1.0   16.0 4.777e-12   4.42  166740288.0297548  166741288.0297548    0.0057 90101003002   34-159 212.06214652854163   271.03791   -34.349444  0.0005202747635396567  87.53001057170763   0.10255292371314546     0.25    null    null 
  333.0 0.0116     587.5   516.625    1.0 18 03 57.980 -34 18 38.047   -1.0   16.0 3.165e-07  3.089  166728788.0297548  166729788.0297548    0.0037 90101003002  159-559 196.35499167769223   271.03791   -34.349444   0.000967610717852236  34.49818097528865   0.20510584742629093     0.75    null    null 
  342.0 0.0123   457.875     461.0    1.0 18 04 23.700 -34 20 54.837   -1.0   16.0 1.973e-06   3.07  166711288.0297548  166712288.0297548     0.004 90101003002  159-559 180.83317423755162   271.03791   -34.349444  3.681868788683548e-06  65.40629926635077   0.10255292371314546      0.5    null    null 
  345.0 0.0139 601.81818 456.54544    1.0 18 03 55.129 -34 21 05.702   -1.0   16.0 3.166e-08  3.376  166711288.0297548  166712288.0297548    0.0041 90101003002  159-559 173.19343664012007   271.03791   -34.349444  7.104942582873008e-05 50.027741887378696   0.10255292371314546      0.5    null    null 
  351.0  0.018  599.9231 483.38461    1.0 18 03 55.510 -34 19 59.733   -1.0   18.0 4.191e-09  3.749  166723288.0297548  166724288.0297548    0.0048 90101003002  159-559 178.11386628337834   271.03791   -34.349444 4.5278281492995903e-08  51.97833239331656    0.1538293855697182     0.75    null    null 
  353.0  0.179     570.5 468.17441    1.0 18 04 01.347 -34 20 37.171   -1.0   21.0       0.0  13.12  166735288.0297548  166736288.0297548     0.014 90101003002  159-559  98.25039834916468   271.03791   -34.349444                    0.0  270.1941835566039   0.05127646185657273     0.25    null    null 
  355.0 0.0235     574.0 514.42859    1.0 18 04 00.658 -34 18 43.468   -1.0   18.0  6.65e-14  4.449  166746288.0297548  166747288.0297548    0.0053 90101003002  159-559 170.37858514916798   271.03791   -34.349444  1.800799508090652e-08 163.62886582464273    0.1538293855697182     0.75    null    null 
    7.0 0.0214 660.42859 476.85715    1.0 18 36 32.363 -28 55 02.590   -1.0   18.0 2.109e-15  4.353 165229590.11408854 165230590.11408854    0.0049 90001009002  34-1934  323.4151537675186    279.2368     -28.9277 0.00046844005319131754 44.142251689397014  0.022227310048446663      0.5    null    null 
    9.0 0.0123   672.625     474.5    1.0 18 36 30.079 -28 55 08.351   -1.0   18.0 1.638e-07  3.182 165229590.11408854 165230590.11408854    0.0039 90001009002  34-1934  352.6593548781699    279.2368     -28.9277 0.00012707834250116562 44.473483834291955   0.04445462009689333      0.5    null    null 
   30.0 0.0152 630.77777 396.11111    1.0 18 36 37.901 -28 58 21.141   -1.0   18.0 1.411e-09  3.577 165241590.11408854 165242590.11408854    0.0042 90001009002  34-1934  296.3406413350631    279.2368     -28.9277  0.0008722385497380138  36.45611745105183   0.04445462009689333     0.25    null    null 
   46.0 0.0202 650.33331 429.73334    1.0 18 36 34.244 -28 56 58.450   -1.0   18.0 4.896e-13  4.089 165254590.11408854 165255590.11408854    0.0049 90001009002  34-1934 306.81602742315545    279.2368     -28.9277  0.0008524313505878858  44.20314398853819  0.022227310048446663     0.25    null    null 
   54.0 0.0122 623.90002 378.89999    1.0 18 36 39.187 -28 59 03.462   -1.0   18.0 2.239e-07  3.108 165258590.11408854 165259590.11408854    0.0039 90001009002  34-1934  308.4853030352743    279.2368     -28.9277  6.327240538353943e-07  42.77469421966476  0.022227310048446663     0.25    null    null 
   61.0  0.026 672.41174 461.82352    1.0 18 36 30.116 -28 55 39.512   -1.0   18.0  1.11e-16   4.83 165260590.11408854 165261590.11408854    0.0054 90001009002  34-1934  350.7629692019591    279.2368     -28.9277  0.0004305825652340507  41.11604288203213  0.022227310048446663     0.25    null    null 
   74.0 0.0177 632.71429 391.85715    1.0 18 36 37.537 -28 58 31.594   -1.0   18.0 5.705e-12  3.897 165272590.11408854 165273590.11408854    0.0045 90001009002  34-1934 306.10087328909145    279.2368     -28.9277  0.0008722385497380138  36.28988343049413   0.04445462009689333     0.25    null    null 
  119.0  0.019    666.25   472.375    1.0 18 36 31.272 -28 55 13.592   -1.0   21.0       0.0  4.251 165229590.11408854 165230590.11408854    0.0045 90001009002   34-159  336.6119909465162    279.2368     -28.9277  0.0006178619385800407  30.45352650232993   0.04445462009689333      0.5    null    null 
  130.0 0.0146 672.91669 474.66666    1.0 18 36 30.024 -28 55 07.941   -1.0   21.0     2e-12  3.658 165235590.11408854 165236590.11408854     0.004 90001009002   34-159 353.41539711130736    279.2368     -28.9277  0.0005088483883044985  34.72959752735528   0.04445462009689333      0.5    null    null 
  148.0 0.0314 657.33331 465.57144    1.0 18 36 32.940 -28 55 30.339   -1.0   26.0       0.0  5.463 165253590.11408854 165254590.11408854    0.0057 90001009002   34-159  313.8315992613248    279.2368     -28.9277 2.0615179141922814e-05 39.293188136079166   0.04445462009689333     0.25    null    null 
  149.0 0.0189 659.16669 452.58334    1.0 18 36 32.594 -28 56 02.260   -1.0   21.0       0.0  4.147 165258590.11408854 165259590.11408854    0.0046 90001009002   34-159  319.0196474593524    279.2368     -28.9277  0.0005088483883044985  34.69432372529093  0.022227310048446663     0.25    null    null 
  156.0 0.0111 685.09998 491.29999    1.0 18 36 27.747 -28 54 27.019   -1.0   21.0 4.095e-10  3.193 165260590.11408854 165261590.11408854    0.0035 90001009002   34-159 388.75569591592364    279.2368     -28.9277  0.0007582606613450652  24.79764244480282  0.022227310048446663     0.25    null    null 
  168.0 0.0142 640.85712 419.14285    1.0 18 36 36.017 -28 57 24.505   -1.0   21.0 1.588e-14  3.663 165270590.11408854 165271590.11408854    0.0039 90001009002   34-159  292.6631801623055    279.2368     -28.9277 0.00022300097107709756  32.77291867134868   0.04445462009689333      0.5    null    null 
  173.0 0.0209 655.61536 461.84616    1.0 18 36 33.261 -28 55 39.501   -1.0   23.0  2.22e-16  4.354 165277590.11408854 165278590.11408854    0.0048 90001009002   34-159 309.47396662351645    279.2368     -28.9277  0.0005587088576447647  32.22729843805847   0.04445462009689333     0.25    null    null 
  191.0 0.0309 664.26666 461.33334    1.0 18 36 31.641 -28 55 40.739   -1.0   26.0       0.0  4.279 165313590.11408854 165314590.11408854    0.0072 90001009002   34-159  330.7431030446479    279.2368     -28.9277  0.0008456548008454196 22.903507381308255  0.022227310048446663     0.25    null    null 
  225.0 0.0103 637.88892 423.11111    1.0 18 36 36.573 -28 57 14.757   -1.0   21.0 1.261e-10   3.12 165283590.11408854 165284590.11408854    0.0033 90001009002  159-559  282.4357477330924    279.2368     -28.9277  0.0004605078974030468  16.99336747455765   0.04445462009689333      0.5    null    null 
  242.0 0.0102 640.71429 397.71429    1.0 18 36 36.040 -28 58 17.179   -1.0   21.0 1.081e-09  3.074 165313090.11408854 165314090.11408854    0.0033 90001009002  159-559 315.10628186881394    279.2368     -28.9277  0.0004605078974030468               16.0  0.022227310048446663     0.25    null    null 
   19.0  0.092 460.88235 492.47058    1.0 14 13 00.724 -65 19 59.047   -1.0   18.0       0.0  5.947 344088253.22576606 344089253.22576606     0.015 80601502001  34-1934 254.26682854731655    213.1625    -65.39278 1.7518683587740318e-07 133.91367939430495  0.022876596231276053     0.25    null    null 
   38.0 0.0113 405.71429     479.0    1.0 14 13 22.400 -65 20 31.923   -1.0   16.0 9.022e-07  3.028 344138253.22576606 344139253.22576606    0.0037 80601502001  34-1934 326.74185352706917    213.1625    -65.39278 0.00041614922829786996  28.85237118629587  0.011438298115638026     0.25    null    null 
   39.0 0.0405 461.85715 498.19049    1.0 14 13 00.339 -65 19 44.989   -1.0   18.0       0.0  5.574 344144253.22576606 344145253.22576606    0.0073 80601502001  34-1934 265.04249843801597    213.1625    -65.39278 0.00026320002211275347  36.64271330550856  0.022876596231276053     0.25    null    null 
   44.0   1.23 439.39035 488.87952    1.0 14 13 09.166 -65 20 07.805   -1.0   53.0       0.0  22.63 344173253.22576606 344174253.22576606     0.054 80601502001  34-1934 279.43672184448513    213.1625    -65.39278 1.2423742494206582e-12  146.6984682353031  0.011438298115638026     0.25    null    null 
   47.0 0.0311 425.09677  469.5484    1.0 14 13 14.793 -65 20 55.261   -1.0   16.0       0.0   5.26 344196253.22576606 344197253.22576606    0.0059 80601502001  34-1934  274.3169439358842    213.1625    -65.39278  3.410619302576249e-05  59.63493698051621  0.011438298115638026     0.25    null    null 
   57.0 0.0124     414.5 503.83334    1.0 14 13 18.927 -65 19 30.930   -1.0   18.0 1.434e-06  3.094 344133753.22576606 344134753.22576606     0.004 80601502001  34-1934  348.4561687063246    213.1625    -65.39278 0.00011220682397644423  21.93685433792628  0.011438298115638026     0.25    null    null 
   81.0 0.0163 418.88889 480.88889    1.0 14 13 17.223 -65 20 27.354   -1.0   18.0 1.121e-12  3.818 344084753.22576606 344085753.22576606    0.0043 80601502001   34-159  303.2045912100617    213.1625    -65.39278  0.0005005777751546203  5.025482286155222  0.011438298115638026     0.25    null    null 
   83.0 0.0184 422.39999 492.20001    1.0 14 13 15.835 -65 19 59.568   -1.0   16.0 9.343e-13  4.012 344138753.22576606 344139753.22576606    0.0046 80601502001   34-159  314.6767070187185    213.1625    -65.39278  9.699442115486825e-05  80.46591957399278  0.011438298115638026     0.25    null    null 
    3.0  0.425 505.76471 481.07843    1.0 15 35 00.589 -57 14 59.500   -1.0   16.0       0.0  5.955 244179903.00198677 244180903.00198677     0.071 80402302006  34-1934 171.01798124043745   233.83222    -57.23004  0.0009528521994688507  82.76397775053508   0.25936424418985027     0.25    null    null 
    9.0  0.152     488.0 433.53333    1.0 15 35 05.974 -57 16 56.368   -1.0   16.0 2.884e-05  3.079 244179903.00198677 244180903.00198677      0.05 80402302006  34-1934 218.85977104378946   233.83222    -57.23004  3.044109002803542e-11 140.26091806158524   0.25936424418985027     0.25    null    null 
  613.0 0.0406     533.5     474.5    1.0 17 28 19.692 -14 15 48.427   -1.0   23.0       0.0  6.262  228158832.4893978  228159832.4893978    0.0065 60201020002   34-159  7.736769815361248    262.0825    -14.26556  0.0004393425483435854  27.30351843450622 0.0073069112502775965     0.25    null    null 
    5.0 0.0157 664.66669 483.83334    1.0 13 06 27.295 -40 26 08.832   -1.0   18.0 6.028e-11  3.699  208606484.7122537  208607484.7122537    0.0042 60161526002  34-1934   521.596446073249    196.8004     -40.4076  0.0006410723865440818  40.32461454840517    0.0521099964028491     0.25    null    null 
   21.0 0.0146 665.71429 492.85715    1.0 13 06 27.072 -40 25 46.646   -1.0   18.0 4.552e-15  3.583  208600984.7122537  208601984.7122537    0.0041 60161526002   34-159  520.2779657227868    196.8004     -40.4076  5.895819966689295e-05  33.57795553922151    0.0521099964028491     0.25    null    null 
    6.0 0.0436 319.14285     516.0    1.0 18 03 21.775 -14 52 42.531   -1.0   21.0       0.0  6.331 199793346.35401693 199794346.35401693    0.0069 60160680002  34-1934  517.0001215439928     270.697      -14.915  4.080514446150402e-05  55.84987380161877   0.26009887514822533      0.5    null    null 
    9.0 0.0573 328.25714 523.40002    1.0 18 03 20.229 -14 52 24.354   -1.0   21.0       0.0  7.335 199799346.35401693 199800346.35401693    0.0078 60160680002  34-1934    500.49449986543     270.697      -14.915  5.893050154978746e-05  62.28953857154497   0.20807910011858027      0.5    null    null 
   16.0 0.0251 340.93335 553.93335    1.0 18 03 18.077 -14 51 09.316   -1.0   18.0  1.11e-16  4.749 199805346.35401693 199806346.35401693    0.0053 60160680002  34-1934 499.77485562242856     270.697      -14.915 0.00012707834250116562  44.25564379902941   0.05201977502964507     0.25    null    null 
   18.0 0.0301 317.20001    499.25    1.0 18 03 22.106 -14 53 23.702   -1.0   18.0       0.0  5.245 199805346.35401693 199806346.35401693    0.0057 60160680002  34-1934  512.8041795659883     270.697      -14.915  0.0005191178596573877     50.74262048103   0.05201977502964507     0.25    null    null 
   36.0 0.0779 325.53845 519.48718    1.0 18 03 20.690 -14 52 33.968   -1.0   21.0       0.0  8.601 199811346.35401693 199812346.35401693    0.0091 60160680002  34-1934  504.1183129996757     270.697      -14.915 2.6071464551804308e-06   86.4068328942379    0.3121186501778704      0.5    null    null 
   37.0 0.0859 293.41113 480.33334    1.0 18 03 26.142 -14 54 10.165   -1.0   21.0       0.0  9.053 199811346.35401693 199812346.35401693    0.0095 60160680002  34-1934  564.9833807309286     270.697      -14.915  3.042245096214611e-05  98.32831750826412   0.10403955005929014      0.5    null    null 
   38.0 0.0617 288.34616     468.0    1.0 18 03 27.002 -14 54 40.473   -1.0   18.0       0.0  7.659 199811346.35401693 199812346.35401693    0.0081 60160680002  34-1934  575.8947617456695     270.697      -14.915 0.00015658087198256148  87.81739127594466   0.05201977502964507     0.25    null    null 
   42.0 0.0311    345.25 572.79163    1.0 18 03 17.343 -14 50 22.966   -1.0   18.0       0.0  5.333 199817346.35401693 199818346.35401693    0.0058 60160680002  34-1934  513.1993148342099     270.697      -14.915  7.305837111040722e-05  47.87252259368344   0.05201977502964507     0.25    null    null 
   43.0 0.0613 307.21213 496.66666    1.0 18 03 23.800 -14 53 30.037   -1.0   21.0       0.0  7.542 199818346.35401693 199819346.35401693    0.0081 60160680002  34-1934  535.9626223473231     270.697      -14.915   0.000715089413292103  55.98570063419738   0.10403955005929014      0.5    null    null 
   68.0 0.0319  321.2381 523.38098    1.0 18 03 21.419 -14 52 24.391   -1.0   18.0       0.0  5.556 199800346.35401693 199801346.35401693    0.0057 60160680002   34-159  516.9708685498804     270.697      -14.915 0.00046844005319131754  44.00113258799779   0.26009887514822533      0.5    null    null 
   79.0  0.054 293.80554 480.58334    1.0 18 03 26.075 -14 54 09.551   -1.0   26.0       0.0  7.219 199805346.35401693 199806346.35401693    0.0075 60160680002   34-159   564.063395117498     270.697      -14.915  0.0002120260020948253 46.781238080670974   0.10403955005929014      0.5    null    null 
   87.0 0.0745 324.64935 522.35065    1.0 18 03 20.840 -14 52 26.928   -1.0   26.0       0.0  8.491 199811346.35401693 199812346.35401693    0.0088 60160680002   34-159 508.20185828934376     270.697      -14.915  2.043411542890906e-05   60.8867840892308   0.20807910011858027      0.5    null    null 
   92.0 0.0454 325.86206 513.27588    1.0 18 03 20.636 -14 52 49.237   -1.0   26.0       0.0  6.564 199822346.35401693 199823346.35401693    0.0069 60160680002   34-159  499.3301145768713     270.697      -14.915  0.0006410723865440818  40.60135014605197    0.1560593250889352      0.5    null    null 
   96.0 0.0372 305.37036 498.77777    1.0 18 03 24.112 -14 53 24.845   -1.0   26.0       0.0  5.962 199828346.35401693 199829346.35401693    0.0062 60160680002   34-159  541.2623614901942     270.697      -14.915  0.0009548944383031148  39.78833629967657   0.10403955005929014      0.5    null    null 
  101.0 0.0764  320.6087 522.32605    1.0 18 03 21.525 -14 52 26.983   -1.0   26.0       0.0  8.596 199811846.35401693 199812846.35401693    0.0089 60160680002   34-159  517.6991746188563     270.697      -14.915 1.5211874126261284e-05  64.12668262775482   0.26009887514822533      0.5    null    null 
    1.0 0.0229    506.25  629.5625    1.0 11 32 59.570 +10 23 44.969   -1.0   18.0       0.0  4.571  344759313.5294162  344760313.5294162     0.005 60061212002  34-1934  388.1716378667191  173.205795      10.2964   6.96016894564273e-05 29.045542461248125   0.05588487299597549     0.25    null    null 
   23.0 0.0345 570.72729 420.59091    1.0 12 10 25.285 +39 23 17.956   -1.0   18.0       0.0   5.59 316368300.33229923 316369300.33229923    0.0062 60502017008  34-1934  105.5311190951339   182.63575     39.40586  7.032590787702273e-07  64.93956258408116   0.03507815123377452     0.25    null    null 
    7.0 0.0291 542.33337 484.55554    1.0 12 10 25.517 +39 25 46.946   -1.0   18.0 8.886e-10  3.651 317166577.01475585 317167577.01475585     0.008 60502017010  34-1934 118.62227249713676   182.63575     39.40586 1.4048410922303905e-07  37.08130138143993  0.038534554364652196     0.25    null    null 
   12.0 0.0226    406.25 483.29999    1.0 10 31 36.680 -42 05 59.682   -1.0   26.0       0.0  4.619 265150616.34824762 265151616.34824762    0.0049 60468002002  159-559 206.87843587950496   157.84633    -42.06061   0.000600496099752382    18.112018897847   0.03651726968045494     0.25    null    null 
   50.0 0.0148 431.72726 389.63635    1.0 17 28 26.658 -14 21 50.377   -1.0   16.0 1.118e-08   3.48  275120781.5103787  275121781.5103787    0.0042 60402007002  34-1934  368.2277540714493    262.0825    -14.26553  0.0008910487584323191 31.255115620887423  0.014269633032548457     0.25    null    null 
  358.0 0.0159 338.60001 382.10001    1.0 17 28 42.412 -14 22 08.821   -1.0   18.0 1.226e-09  3.636  275208781.5103787  275209781.5103787    0.0044 60402007002   34-159  497.0605154078609    262.0825    -14.26553  0.0007582606613450652 24.598115814767517  0.014269633032548457     0.25    null    null 
  284.0 0.0385 473.16666 533.92859    1.0 17 28 20.102 -14 15 48.506   -1.0   18.0       0.0  5.948 307069020.91734374 307070020.91734374    0.0065 60402007004  34-1934  8.577415619743281    262.0825    -14.26553 0.00020460114325307515  36.61582759718128   0.01523006488397741     0.25    null    null 
    2.0 0.0153 642.16669 371.91666    1.0 08 24 43.493 +29 59 11.599   -1.0   26.0       0.0  3.818  277577971.6256782  277578971.6256782     0.004 60401012002   34-159  324.6895137311795   126.25617     30.04919  0.0006790015108070905 13.031238400343016   0.15528835344445902     0.25    null    null 
    5.0 0.0201 547.55554 436.77777    1.0 08 24 46.202 +29 58 55.505   -1.0   18.0       0.0  4.289 293117314.53683484 293118314.53683484    0.0047 60401012004  34-1934 312.63064030677543   126.25617     30.04919  0.0003169490538066785 35.470525536720594  0.014261813751984468     0.25    null    null 
   16.0 0.0111 539.42859 433.57144    1.0 08 24 47.739 +29 58 47.630   -1.0   18.0 1.468e-07  3.068 293117814.53683484 293118814.53683484    0.0036 60401012004  34-1934 306.72430812787684   126.25617     30.04919 1.1038883088728355e-05  46.44588290065994  0.014261813751984468     0.25    null    null 
    1.0  0.114 549.64478 618.60529    1.0 15 06 44.224 +03 51 49.473   -1.0   26.0       0.0  10.48  254105286.8294347  254106286.8294347     0.011 60301023002  34-1934 333.98636289907785   226.69042      3.77117  0.0004184767837882449 49.316976814376034  0.019772025542172597     0.25    null    null 
    7.0 0.0122 567.22223 627.11108    1.0 15 06 41.337 +03 52 10.379   -1.0   16.0 3.243e-07  3.143  254145286.8294347  254146286.8294347    0.0039 60301023002  34-1934 360.13446965576964   226.69042      3.77117 2.1392751622134644e-13  94.18633278962687  0.039544051084345194     0.25    null    null 
    8.0  0.021   535.625     605.0    1.0 15 06 46.527 +03 51 16.031   -1.0   18.0 3.286e-14   4.28  254146286.8294347  254147286.8294347    0.0049 60301023002  34-1934  300.0647737340298   226.69042      3.77117 0.00011888493425001427  57.23639422281532  0.019772025542172597     0.25    null    null 
    9.0 0.0196  563.9231 623.84613    1.0 15 06 41.879 +03 52 02.354   -1.0   16.0 2.096e-12  4.093  254151286.8294347  254152286.8294347    0.0048 60301023002  34-1934 350.83164915361004   226.69042      3.77117 1.7711592147147778e-06  71.31772787732444  0.039544051084345194     0.25    null    null 
   11.0 0.0182  550.9375  627.9375    1.0 15 06 44.012 +03 52 12.412   -1.0   18.0 2.846e-12  3.977  254164286.8294347  254165286.8294347    0.0046 60301023002  34-1934  357.0889525803124   226.69042      3.77117  3.676137514492323e-05 52.477022156446736  0.019772025542172597     0.25    null    null 
    9.0 0.0141    317.25 531.66663    1.0 13 07 12.435 -40 24 12.610   -1.0   23.0 4.141e-14  3.649 228686788.60356444 228687788.60356444    0.0039 60202021010   34-159  530.2001732985615   196.60892     -40.4145  2.049220744060287e-05   18.9229965839534  0.030367596224752397     0.25    null    null 
    1.0   1.54 466.04871  568.1261    1.0 14 13 09.162 -65 20 18.650   -1.0   82.0       0.0  35.98   97736731.4629069   97737731.4629069     0.043 30002038006  34-1934 270.85158575286056 213.1633333  -65.3928611  1.484363240924791e-10 232.11856713671352   0.06377991357361401     0.75    null    null 
    5.0 0.0361 456.89191 592.24329    1.0 14 13 12.748 -65 19 19.345   -1.0   18.0       0.0  5.728   97742731.4629069   97743731.4629069    0.0063 30002038006  34-1934 330.17067447301014 213.1633333  -65.3928611 1.4285399768629364e-25  330.1423112681813   0.06377991357361401      0.5    null    null 
    7.0 0.0559 475.29413 588.64709    1.0 14 13 05.526 -65 19 28.225   -1.0   18.0 3.331e-16  4.976   97747731.4629069   97748731.4629069     0.011 30002038006  34-1934 296.05616525767886 213.1633333  -65.3928611  4.662611799435532e-05 105.09408794126693   0.09566987036042102     0.75    null    null 
    8.0 0.0156 475.22223 598.66663    1.0 14 13 05.552 -65 19 03.596   -1.0   18.0 4.917e-09   3.57   97748731.4629069   97749731.4629069    0.0044 30002038006  34-1934  316.9186939127405 213.1633333  -65.3928611  6.496197398201726e-05 180.67122769071392   0.06377991357361401      0.5    null    null 
    9.0 0.0164 442.33334     588.0    1.0 14 13 18.465 -65 19 29.728   -1.0   16.0 6.571e-11  3.755   97748731.4629069   97749731.4629069    0.0044 30002038006  34-1934  346.5553596965572 213.1633333  -65.3928611 3.3272730911676184e-05  67.30121376823116   0.12755982714722802      0.5    null    null 
   14.0 0.0128 461.55554     607.0    1.0 14 13 10.912 -65 18 43.083   -1.0   18.0 3.404e-07   3.19   97760731.4629069   97761731.4629069     0.004 30002038006  34-1934  352.3444193833026 213.1633333  -65.3928611  2.603157576457742e-06 53.577476276590346  0.031889956786807006     0.25    null    null 
   15.0 0.0148 443.85715 595.71429    1.0 14 13 17.862 -65 19 10.771   -1.0   18.0 1.141e-08  3.479   97760731.4629069   97761731.4629069    0.0042 30002038006  34-1934   357.640306632671 213.1633333  -65.3928611 5.3355581551087244e-06  47.16626005211321   0.12755982714722802      0.5    null    null 
   26.0 0.0213 448.52942 592.58826    1.0 14 13 16.030 -65 19 18.471   -1.0   18.0 8.973e-11  4.104   97785731.4629069   97786731.4629069    0.0052 30002038006  34-1934  344.2289488133094 213.1633333  -65.3928611   0.000424464846121177 26.736793743201556   0.15944978393403503     0.75    null    null 
   31.0 0.0707 483.32001     578.0    1.0 14 13 02.378 -65 19 54.407   -1.0   18.0       0.0  6.555   97800731.4629069   97801731.4629069     0.011 30002038006  34-1934    263.34290150771 213.1633333  -65.3928611 1.0925098515313797e-10 162.22656778158978   0.06377991357361401      0.5    null    null 
   41.0  0.486 466.67273 568.31818    1.0 14 13 08.917 -65 20 18.179   -1.0   48.0       0.0  20.25   97736731.4629069   97737731.4629069     0.024 30002038006   34-159  270.1366009256614 213.1633333  -65.3928611  9.021660610227322e-06  96.98436446284259   0.06377991357361401     0.75    null    null 
   42.0  0.447 465.87921 569.67151    1.0 14 13 09.228 -65 20 14.851   -1.0   45.0       0.0  16.56   97738731.4629069   97739731.4629069     0.027 30002038006   34-159   273.893604007721 213.1633333  -65.3928611  1.276164561989175e-09  95.87711702925081   0.06377991357361401     0.75    null    null 
   47.0  0.023  464.3125   585.875    1.0 14 13 09.838 -65 19 35.017   -1.0   18.0       0.0  4.599   97754731.4629069   97755731.4629069     0.005 30002038006   34-159 306.52212851201693 213.1633333  -65.3928611 1.8940226139889563e-11 131.09356513027518  0.031889956786807006     0.25    null    null 
   50.0  0.014 449.45456 588.09094    1.0 14 13 15.669 -65 19 29.529   -1.0   18.0 5.624e-10  3.494   97766731.4629069   97767731.4629069     0.004 30002038006   34-159 334.53997852126747 213.1633333  -65.3928611   8.81945202710725e-05 10.590384964667194   0.12755982714722802     0.75    null    null 
   63.0 0.0119     488.0    580.25    1.0 14 13 00.540 -65 19 48.881   -1.0   18.0 5.219e-08  3.181   97801231.4629069   97802231.4629069    0.0037 30002038006   34-159 261.93978342405336 213.1633333  -65.3928611  1.185498421402604e-06 108.67448123037525   0.06377991357361401      0.5    null    null 
   65.0  0.618 466.24518 568.14661    1.0 14 13 09.085 -65 20 18.600   -1.0   58.0       0.0  22.84   97736731.4629069   97737731.4629069     0.027 30002038006  159-559  270.5550774618387 213.1633333  -65.3928611  4.153227644313739e-05 104.07108252678714   0.06377991357361401     0.75    null    null 
   70.0  0.043 473.86667 586.59998    1.0 14 13 06.087 -65 19 33.254   -1.0   18.0  1.11e-16  4.465   97747731.4629069   97748731.4629069    0.0096 30002038006  159-559 293.88002628636724 213.1633333  -65.3928611  4.448811158383719e-08  78.82926045643043   0.06377991357361401     0.75    null    null 
   73.0 0.0148 474.81818 594.63635    1.0 14 13 05.711 -65 19 13.502   -1.0   18.0 2.018e-10  3.595   97754731.4629069   97755731.4629069    0.0041 30002038006  159-559 309.02811003509186 213.1633333  -65.3928611  3.217805153676682e-12 147.70881235390996   0.09566987036042102      0.5    null    null 
   77.0 0.0128   450.375   595.375    1.0 14 13 15.304 -65 19 11.627   -1.0   18.0 3.673e-11  3.428   97772731.4629069   97773731.4629069    0.0037 30002038006  159-559  346.3738589526069 213.1633333  -65.3928611  0.0003551383557870248    10.256448005765   0.15944978393403503     0.75    null    null 
   92.0  0.012    477.25   585.875    1.0 14 13 04.759 -65 19 35.042   -1.0   18.0 2.613e-08  3.212   97771731.4629069   97772731.4629069    0.0037 30002038006 559-1934 287.71981656817917 213.1633333  -65.3928611  4.037832719444225e-09  72.19646772701911   0.06377991357361401     0.75    null    null 
  185.0 0.0287 594.84619 545.46155    1.0 16 40 02.697 -46 32 44.022   -1.0   16.0 3.331e-16  4.997 118193119.94970486 118194119.94970486    0.0057 30002021002  34-1934  426.7958485131589  250.181333   -46.526528  0.0007466422170495787  52.46365220142865   0.01835413960506618     0.25    null    null 
   10.0 0.0209 525.14282     407.5    1.0 16 40 29.569 -46 36 57.234   -1.0   18.0  2.83e-12  4.177  148131575.0018609  148132575.0018609     0.005 30002021027  34-1934 352.45624932498384  250.181333   -46.526528 0.00035388587792054596 51.882872631993095   0.05739934299135207     0.25    null    null 
   21.0 0.0223 507.11111 398.66666    1.0 16 40 33.871 -46 37 18.956   -1.0   18.0 5.418e-14  4.365  148137575.0018609  148138575.0018609    0.0051 30002021027  34-1934 357.59784711548605  250.181333   -46.526528  0.0007506579451211483  38.64448219859699   0.05739934299135207     0.25    null    null 
    1.0 0.0196 636.46667 373.33334    1.0 13 02 01.614 -63 57 33.035   -1.0   16.0 2.621e-12  4.085  136894187.9808583  136895187.9808583    0.0048 30002017004  34-1934  538.3336360197341 195.6985625 -63.83574167 1.0261083455821978e-10 140.13816207041975    0.0681952734835778     0.25    null    null 
    8.0 0.0127 624.14288 362.42856    1.0 13 02 06.202 -63 57 59.936   -1.0   16.0 1.886e-08   3.29  136907187.9808583  136908187.9808583    0.0039 30002017004  34-1934  544.9113466234493 195.6985625 -63.83574167 3.5567638092647173e-09 108.97407908005584    0.1363905469671556      0.5    null    null 
   10.0 0.0159 629.88892 365.22223    1.0 13 02 04.060 -63 57 53.025   -1.0   16.0 2.526e-10  3.587  136914187.9808583  136915187.9808583    0.0044 30002017004  34-1934  546.2612696232322 195.6985625 -63.83574167 5.1906629076001924e-14 130.61506239586237    0.1022929102253667     0.25    null    null 
   11.0 0.0149 637.11108 373.77777    1.0 13 02 01.374 -63 57 31.937   -1.0   16.0 7.433e-08  3.028  136917187.9808583  136918187.9808583    0.0049 30002017004  34-1934  538.3258057083833 195.6985625 -63.83574167  3.583135323449721e-05  68.05655448458128    0.0681952734835778     0.25    null    null 
   15.0 0.0134 627.09088 375.36365    1.0 13 02 05.117 -63 57 28.118   -1.0   16.0 2.879e-07  3.247  136919187.9808583  136920187.9808583    0.0041 30002017004  34-1934  521.4834248297034 195.6985625 -63.83574167  1.704610050922083e-05  107.3681441128488    0.0340976367417889     0.25    null    null 
   19.0 0.0317   626.875   363.125    1.0 13 02 05.183 -63 57 58.203   -1.0   18.0 9.014e-09  3.184  136932187.9808583  136933187.9808583      0.01 30002017004  34-1934  546.8304932512438 195.6985625 -63.83574167  2.456273451577426e-06  49.88753593005194    0.1363905469671556      0.5    null    null 
   29.0 0.0172   624.625   357.875    1.0 13 02 06.017 -63 58 11.125   -1.0   18.0 9.359e-14  3.949  136901187.9808583  136902187.9808583    0.0044 30002017004   34-159  555.2121427579997 195.6985625 -63.83574167 1.2094839037046745e-08  95.31910301244926    0.1022929102253667      0.5    null    null 
    8.0 0.0164 614.38464 375.61539    1.0 13 02 03.283 -63 57 29.751   -1.0   18.0 2.849e-09  3.491 139437329.42539063 139438329.42539063    0.0047 30002017008  34-1934  529.4572361407321 195.6985625 -63.83574167  3.978734247470414e-06  69.81507863184747  0.045026224922544225     0.25    null    null 
    9.0 0.0164 599.61536 362.53845    1.0 13 02 08.784 -63 58 01.989   -1.0   18.0 2.849e-09  3.491 139437329.42539063 139438329.42539063    0.0047 30002017008  34-1934  538.3626914127382 195.6985625 -63.83574167 0.00031878066804834934 56.961316860345434  0.045026224922544225     0.25    null    null 
    2.0 0.0766 613.67859 349.96429    1.0 13 01 59.783 -63 58 16.608   -1.0   18.0       0.0  4.817 140475160.26164606 140476160.26164606     0.016 30002017010  34-1934  581.2686036427431 195.6985625 -63.83574167  4.106934699054034e-05 30.061648801508547   0.16674969507604218     0.75    null    null 
    3.0 0.0206 594.55554 347.88889    1.0 13 02 06.922 -63 58 21.829   -1.0   16.0 4.144e-13    4.2 140477160.26164606 140478160.26164606    0.0049 30002017010  34-1934  561.6491267435664 195.6985625 -63.83574167 4.7087933903461104e-08  67.66412089481027   0.08337484753802109      0.5    null    null 
    5.0 0.0428 606.58337    344.25    1.0 13 02 02.427 -63 58 30.701   -1.0   16.0       0.0  5.452 140486160.26164606 140487160.26164606    0.0079 30002017010  34-1934  584.0328759938095 195.6985625 -63.83574167 1.6561438134357775e-08  73.19399838881935   0.08337484753802109      0.5    null    null 
   18.0  0.186  619.5647 354.82355    1.0 13 01 57.590 -63 58 04.623   -1.0   38.0       0.0  10.51 140466160.26164606 140467160.26164606     0.018 30002017010   34-159  579.3837278712759 195.6985625 -63.83574167 6.0942505405629105e-05 54.156870332773714   0.16674969507604218     0.75    null    null 
   22.0 0.0179 602.33337 348.20001    1.0 13 02 04.018 -63 58 21.018   -1.0   18.0 2.303e-13  3.992 140510160.26164606 140511160.26164606    0.0045 30002017010   34-159  570.3671616307855 195.6985625 -63.83574167  0.0007721690163758557   33.6941848258453   0.12506227130703165      0.5    null    null 
   23.0 0.0414    614.25   350.875    1.0 13 01 59.570 -63 58 14.366   -1.0   18.0       0.0  5.099 140515160.26164606 140516160.26164606    0.0081 30002017010   34-159  580.1572891689431 195.6985625 -63.83574167  0.0005088483883044985 34.847324308318676   0.16674969507604218     0.75    null    null 
   30.0 0.0531 615.86957  351.6087    1.0 13 01 58.966 -63 58 12.551   -1.0   33.0       0.0  7.094 140498160.26164606 140499160.26164606    0.0075 30002017010  159-559  580.8353009541937 195.6985625 -63.83574167  4.829563461508841e-06  40.61759242475249   0.16674969507604218     0.75    null    null 
