| INDEX|COUNTS|     XPIX|     YPIX|VIGCOR|          RA|          DEC|   ERR|  HBOX|     PROB|   SNR|            TSTART|             TSTOP|COUNTSERR|      SEQID|   BOUND|               SEP|       SRCRA|      SRCDEC|                  PVAL|         NETCOUNTS|             DET1X|             DET1Y|ACOUNTS|BCOUNTS|
|double|double|   double|   double|double|        char|         char|double|double|   double|double|            double|            double|   double|       char|    char|            double|      double|      double|                double|            double|            double|            double|   long|   long|
|      |      |         |         |      |            |             |      |      |         |      |                  |                  |         |           |        |                  |            |            |                      |                ct|                  |                  |       |       |
|  null|  null|     null|     null|  null|        null|         null|  null|  null|     null|  null|              null|              null|     null|       null|    null|              null|        null|        null|                  null|              null|              null|              null|   null|   null|
    5.0 0.0465 489.29413 523.47058    1.0 04 35 10.794 +55 24 05.701   -1.0   16.0  8.66e-15  4.422 408803018.07215387 408803518.07215387     0.011 80801328002  34-1934 140.26283125199927     68.84698     55.37619  3.318187132343148e-08  61.26701999004397 196.24313107179876  205.4291938232349    null    null 
    6.0 0.0627 474.10001 530.84998    1.0 04 35 15.180 +55 24 23.829   -1.0   16.0       0.0   5.14 408803018.07215387 408803518.07215387     0.012 80801328002  34-1934 129.47389761830817     68.84698     55.37619  4.348221943388832e-08 119.18808920259136 202.74883614707588 221.01982063489274    null    null 
    9.0 0.0503 444.38461 544.46155    1.0 04 35 23.761 +55 24 57.235   -1.0   16.0 1.943e-14  4.535 408803018.07215387 408803518.07215387     0.011 80801328002  34-1934 143.02540930509898     68.84698     55.37619  0.0003139426547917175   45.2133672025643 216.01227096252833  250.8868910633663    null    null 
   11.0 0.0828 428.52942 532.58826    1.0 04 35 28.334 +55 24 28.006   -1.0   16.0       0.0  5.986 408803018.07215387 408803518.07215387     0.014 80801328002  34-1934 121.61974169672754     68.84698     55.37619  1.403247446732741e-06  85.63461527598596 235.75515608804878 252.48166821847056    null    null 
   12.0 0.0528     454.0    432.75    1.0 04 35 20.959 +55 20 22.657   -1.0   16.0  1.11e-15  4.673 408803018.07215387 408803518.07215387     0.011 80801328002  34-1934 133.08913195073993     68.84698     55.37619   5.53559490875592e-19 112.07718934751765 282.74469897932295  160.7950960068865    null    null 
   16.0 0.0526 399.19049 471.19049    1.0 04 35 36.772 +55 21 56.976   -1.0   14.0  2.22e-16  4.736 408803018.07215387 408803518.07215387     0.011 80801328002  34-1934  120.9141577802869     68.84698     55.37619  0.0007019108217935417  50.34302874392663  298.3838870052527 225.88421639758974    null    null 
   10.0 0.0106 500.54544 540.54541    1.0 22 02 35.438 +42 16 11.076   -1.0   18.0 3.382e-08  3.059  407366899.5989214  407367899.5989214    0.0035 90801633002  34-1934  91.86041432487227    330.68038    42.277772 0.00041206279742179313  12.97628264001247 213.59523509919885 223.14827398179605    null    null 
    6.0 0.0502     407.0 494.47058    1.0 20 32 35.613 +40 55 09.308   -1.0   16.0 1.769e-13  4.604  403400864.0145432  403401864.0145432     0.011 90802323002  34-1934  177.8307774692914   308.107416     40.95775  0.0005039188477375411 115.16380437899014  287.2610392960532 147.37952363209035    null    null 
    1.0 0.0347   498.125    494.75    1.0 18 29 19.314 -23 50 26.254   -1.0   16.0 7.228e-10  3.758  400698504.2578548  400699004.2578548    0.0092 30801022002  34-1934  199.1771831937081     277.3675    -23.79689 1.9888296567896283e-09 121.79964424688771 191.77026119815199  182.6977285023525    null    null 
    2.0 0.0134 570.45459 383.54544    1.0 06 55 08.500 -01 29 11.605   -1.0   16.0 1.683e-08  3.161   398239614.355191   398240614.355191    0.0042 90801321001  34-1934 123.18919597100333     103.8108      -1.4636  5.861072127528651e-06  87.85755500191853 240.26900848525253  184.0661712442586    null    null 
   61.0 0.0185 587.18182 565.27271    1.0 20 02 56.839 +36 38 49.216   -1.0   14.0 3.405e-05  3.168 390544864.06481445 390545864.06481445    0.0058 10802310002  34-1934 224.94208054969775    300.79033     36.60161 2.7869216893662315e-05   94.4815959599529  172.1214054636952  83.80482666347152    null    null 
  109.0 0.0352 572.17859 564.82141    1.0 20 02 59.904 +36 38 48.133   -1.0   14.0 3.005e-11  4.787 390550864.06481445 390551864.06481445    0.0073 10802310002  34-1934 200.49728043448334    300.79033     36.60161 0.00016767518705115278 114.54722994531117 164.29935498042974  96.61793573767874    null    null 
  153.0 0.0261 636.29034 566.48389    1.0 20 02 46.809 +36 38 52.075   -1.0   14.0  3.07e-06  3.652 390555864.06481445 390556864.06481445    0.0071 10802310002  34-1934  321.6424257303923    300.79033     36.60161  0.0009092402493564175 106.21010382402366 197.93476915089065  42.01760324307053    null    null 
   68.0 0.0367 439.60657 441.22952    1.0 20 03 27.688 +36 33 40.387   -1.0   14.0 1.515e-10  4.743 390638103.07507163 390639103.07507163    0.0077 10802310004  34-1934 261.14233978950887    300.79033     36.60161  0.0006396835593478874  110.0345513246751 194.70120547835543 279.82993215431725    null    null 
  261.0 0.0256     471.0 494.47058    1.0 20 03 21.285 +36 35 51.290   -1.0   14.0 1.196e-05  3.488 390659603.07507163 390660603.07507163    0.0073 10802310004  34-1934 140.49415203583644    300.79033     36.60161  0.0002270917877597188  122.1460019728423  167.2729504533052 224.44969612872669    null    null 
  509.0 0.0161     326.0 507.46667    1.0 17 46 21.502 -28 58 12.628   -1.0   14.0 1.529e-05  3.155  388440707.2837044  388441707.2837044    0.0051 30602020010   34-159  561.0723610820221    266.41667    -29.00778  0.0002854312664008114  78.89083082731143 30.482024913655945 233.39329814893864    null    null 
  127.0 0.0145 336.88889 528.77777    1.0 17 49 09.842 -27 12 09.129   -1.0   16.0 3.363e-07  3.319 370138026.97916776 370139026.97916776    0.0044 40702003008  34-1934  345.8670628859217      267.192    -27.16414  0.0008910487584323191  31.44754685076492  335.7356588768466 151.17019046425173    null    null 
    3.0 0.0193 465.54544 507.72726    1.0 05 34 31.425 +21 58 49.918   -1.0   16.0 1.255e-14  4.129 351841485.75153214 351842485.75153214    0.0047 10702303002 559-1934 122.35620734167725     83.63303     22.01447  0.0009823999241301488 45.338594850022204 232.13908681211151 177.85078350032387    null    null 
    5.0 0.0234    451.75   511.625    1.0 05 34 33.863 +21 58 59.492   -1.0   16.0       0.0  4.584 351841485.75153214 351842485.75153214    0.0051 10702303002 559-1934 115.74974899348432     83.63303     22.01447  2.082896438410855e-07   60.5103334134523 246.14125056850287 174.77473504320622    null    null 
   11.0 0.0223 413.90909 560.54541    1.0 05 34 40.554 +22 00 59.714   -1.0   16.0       0.0  4.474 351841485.75153214 351842485.75153214     0.005 10702303002 559-1934 120.18398647562526     83.63303     22.01447  7.420622819482197e-08  82.89184675920436  302.5934480905194 200.03315922215026    null    null 
   13.0 0.0252   410.125   555.125    1.0 05 34 41.223 +22 00 46.386   -1.0   18.0 4.876e-11    3.5 351835985.75153214 351836985.75153214    0.0072 10702303002 559-1934 129.37088433671815     83.63303     22.01447 0.00014574926326829787 46.720142647304954  303.3737372345264 193.46870822365247    null    null 
   14.0  0.029 434.53845 597.61536    1.0 05 34 36.910 +22 02 30.854   -1.0   18.0 3.694e-13  3.773 351835985.75153214 351836985.75153214    0.0077 10702303002 559-1934 120.64259606407303     83.63303     22.01447  9.405108594181893e-05 14.136790581457394 301.91029369202994 242.44600945437506    null    null 
    1.0 0.0527 555.66663    479.75    1.0 05 34 32.702 +22 02 46.416   -1.0   21.0       0.0  5.049  367919850.5015516  367920350.5015516      0.01 10702303008 559-1934 114.84680082268954     83.63303     22.01447  0.0006777831155793581 29.597676963630768  221.3059300487872  189.2251219679791    null    null 
    3.0 0.0346 588.58337 472.08334    1.0 05 34 26.883 +22 02 27.543   -1.0   21.0  1.11e-16  4.062  367919850.5015516  367920350.5015516    0.0085 10702303008 559-1934 118.48053225047607     83.63303     22.01447 1.6947580435252712e-06 59.216144393289184 253.92301243729815 180.37797017797018    null    null 
    5.0 0.0246 606.79999     469.0    1.0 05 34 23.663 +22 02 19.943   -1.0   21.0  2.48e-12  3.393  367919850.5015516  367920350.5015516    0.0072 10702303008 559-1934 144.68023614867727     83.63303     22.01447  2.517034171951768e-07  20.32877305958635 271.42075173503747 174.46408300694014    null    null 
    2.0 0.0147 541.54541 523.72729    1.0 18 03 06.912 -29 48 32.171   -1.0   18.0 5.652e-13  3.686 361686564.00801647 361687564.00801647     0.004 90702318003  159-559  94.22052314737789    270.76162    -29.83046  0.0002975770287145162 28.654496029497693  213.1865265464006 141.61574641426762    null    null 
    4.0 0.0143     492.0 523.63635    1.0 21 43 00.507 +43 34 24.591   -1.0   16.0 2.336e-06  3.202  352742872.0047613  352743872.0047613    0.0045 90702309004  34-1934 197.60585547600627   325.678348    43.586073  4.360895349328251e-05  82.40317751641993   153.930278309952 170.52995282533013    null    null 
   19.0 0.0135 621.44446 465.22223    1.0 15 57 27.759 -54 23 35.177   -1.0   16.0  1.49e-06  3.171  349054411.0306109  349055411.0306109    0.0042 90701302002  34-1934 201.53209738123854   239.454167      -54.415  3.018949374562932e-08 107.32729617750921  267.7493733189395 157.30597130990066    null    null 
    1.0 0.0878 495.53845 507.69232    1.0 05 38 56.539 +26 22 06.279   -1.0   18.0 6.173e-14  4.648  344712526.7523351  344713526.7523351     0.019 90601336002   34-159  188.2136969847744       84.725       26.317                    0.0 333.73874641522025 205.23341508703294  176.4699480681965    null    null 
    2.0 0.0692 510.92307 511.61539    1.0 05 38 53.726 +26 22 15.922   -1.0   16.0 2.596e-11  4.126  344712526.7523351  344713526.7523351     0.017 90601336002   34-159 194.77628697427366       84.725       26.317 1.3790622278942082e-23 172.44367794343765 214.83704534847928  163.8362410509488    null    null 
    3.0 0.0611   507.375  522.9375    1.0 05 38 54.374 +26 22 43.753   -1.0   16.0  3.77e-10  3.877  344712526.7523351  344713526.7523351     0.016 90601336002   34-159  222.6281754137365       84.725       26.317  8.753996629472817e-05  88.00463419054103 205.02426794030325 157.17149410678292    null    null 
    4.0 0.0466 486.70001 520.20001    1.0 05 38 58.156 +26 22 37.023   -1.0   16.0 8.352e-07  3.252  344712526.7523351  344713526.7523351     0.014 90601336002   34-159 222.94785948418738       84.725       26.317  3.434805416355433e-11 165.95102934570895 190.53371595388694  172.1726260810851    null    null 
    5.0  0.063 485.84616 509.84616    1.0 05 38 58.312 +26 22 11.572   -1.0   16.0 4.029e-10  3.914  344712526.7523351  344713526.7523351     0.016 90601336002   34-159  199.0112956501716       84.725       26.317                    0.0  338.0472646004647 196.30441172089883 180.81234050581378    null    null 
    6.0  0.117 527.46667 505.70001    1.0 05 38 50.700 +26 22 01.377   -1.0   18.0       0.0  5.355  344712526.7523351  344713526.7523351     0.022 90601336002   34-159 185.58191781357277       84.725       26.317  7.547740736072659e-13 139.13179724450356 231.47220208720174 158.17901081333346    null    null 
    7.0 0.0511 462.92307 499.53845    1.0 05 39 02.505 +26 21 46.226   -1.0   16.0 1.242e-06  3.316  344712526.7523351  344713526.7523351     0.015 90601336002   34-159  200.7619539295429       84.725       26.317  8.872795807275455e-18  364.6978488697662 184.76386420280213 203.14057333505446    null    null 
   10.0  0.176 457.36111 483.52777    1.0 05 39 03.521 +26 21 06.867   -1.0   18.0       0.0  6.791  344712526.7523351  344713526.7523351     0.026 90601336002   34-159 179.36790956994818       84.725       26.317                    0.0 333.13662264795664  190.3685569313567 219.13375170044387    null    null 
   14.0  0.122 443.35898 457.30768    1.0 05 39 06.080 +26 20 02.405   -1.0   16.0       0.0  5.584  344712526.7523351  344713526.7523351     0.022 90601336002   34-159 173.54068091504578       84.725       26.317 1.1012788756119801e-10  126.5915441639518 195.71018478984004 248.37269757419892    null    null 
    2.0 0.0412 548.33337    479.75    1.0 05 38 48.517 +26 20 39.218   -1.0   16.0 4.833e-10  3.776 344744523.00159395 344745523.00159395     0.011 90601336003 559-1934 122.67213666067816       84.725       26.317 1.4690507648937659e-05  45.02527767844566 216.36893358241585 135.32779522238562    null    null 
    4.0  0.067 570.76923 447.76923    1.0 05 38 44.417 +26 19 20.586   -1.0   16.0       0.0  4.975 344744523.00159395 344745523.00159395     0.013 90601336003 559-1934 130.32170529263627       84.725       26.317 1.9108617021279062e-05  78.82129465036199 252.55907097526398 145.23885422049102    null    null 
    5.0 0.0694 564.40002 425.86667    1.0 05 38 45.583 +26 18 26.754   -1.0   16.0       0.0  5.073 344744523.00159395 344745523.00159395     0.014 90601336003 559-1934 118.31866492621668       84.725       26.317  4.127873090397432e-10 103.60269996895858  260.9666123454827  165.8834081905746    null    null 
   22.0 0.0132 584.36365 463.63635    1.0 05 38 43.033 +26 20 06.054   -1.0   18.0 5.824e-08  3.292  342809584.0028461  342810584.0028461     0.004 90601334003 559-1934   161.107222156829       84.725       26.317 0.00020973584072341312  39.10668699767298 248.12229145880005 102.40746248988121    null    null 
    2.0 0.0123 455.45456 566.54541    1.0 23 58 08.519 -32 33 52.914   -1.0   21.0 6.473e-13  3.415  335792596.0898058  335793596.0898058    0.0036 90601327002   34-159 307.68744237223666     359.4625   -32.624056  0.0003577226306396279  14.62639624091862 184.48387988057337  98.47555795655114    null    null 
   10.0  0.011     540.0 477.66666    1.0 20 32 20.562 +40 58 44.413   -1.0   18.0 2.223e-07  3.047  294510453.0076671  294511453.0076671    0.0036 90502319002 559-1934  95.27142758671027      308.107       40.958  6.329467167314044e-07  12.93302300723785 224.66536251452257  174.1994787578108    null    null 
    9.0 0.0133     386.0 562.40002    1.0 18 58 58.518 +03 26 48.345   -1.0   16.0 2.851e-08  3.328  310531841.5607823  310532841.5607823     0.004 90501348002  34-1934 234.59394668723465      284.679        3.439 0.00022519337324975044 26.586656628942656 310.14808376994375   144.254724528041    null    null 
   11.0 0.0211     411.0  520.0625    1.0 18 58 54.413 +03 25 04.280   -1.0   16.0 1.998e-10  4.063  310547841.5607823  310548841.5607823    0.0052 90501348002  34-1934 187.61063017476104      284.679        3.439 2.4463316306891915e-08  83.46423769720025 262.99244964371604 130.44047366263882    null    null 
  126.0 0.0898     477.5 558.35999    1.0 17 45 44.342 -29 00 13.290   -1.0   16.0       0.0  8.678  300186464.4284017  300187464.4284017      0.01 90501330002  34-1934  58.38535434079001   266.416817   -29.007825 0.00045132210605511194 156.23590561666902  271.8326583374863 198.47891989057885    null    null 
   74.0 0.0421 511.93332 408.73334    1.0 19 55 38.133 +32 04 18.987   -1.0   16.0       0.0   5.95 297347352.00754017 297348352.00754017    0.0071 90501328002  34-1934 104.56055478598223     298.9264      32.0969 1.2257564226661577e-21  143.9519172072263 302.08305249411177 195.25935418030022    null    null 
  140.0 0.0307 571.73334 698.93335    1.0 19 55 26.538 +32 16 12.283   -1.0   18.0       0.0  5.262 297340352.00754017 297341352.00754017    0.0058 90501328002   34-159  654.8937688203799     298.9264      32.0969  0.0008524313505878917  44.45878435425922  51.82512821547696  36.67876797827472    null    null 
   17.0 0.0282 601.94446 475.66666    1.0 17 31 44.671 -33 48 54.102   -1.0   18.0  1.12e-11  4.121 291008344.00863063 291009344.00863063    0.0068 90501312002  34-1934 179.06877100236352      262.992     -33.8329 1.7141465510229747e-06  87.07827459761108  302.1801183911326  168.2591854395478    null    null 
   28.0 0.0297 607.36365 468.09091    1.0 17 31 43.601 -33 49 12.713   -1.0   16.0 2.182e-08  3.535 291013344.00863063 291014344.00863063    0.0084 90501312002  34-1934  186.1458817793655      262.992     -33.8329  0.0007537396383149058  32.70148417524126  309.9502913747549  173.3980648665568    null    null 
   31.0  0.164 524.16663 503.83334    1.0 17 32 00.013 -33 47 44.961   -1.0   21.0       0.0  4.485 291018344.00863063 291019344.00863063     0.037 90501312002  34-1934 135.61264270216716      262.992     -33.8329 0.00016453395158853412  58.52734117078538 219.48312512083075 169.77420527880835    null    null 
   50.0 0.0679 540.11536  520.4231    1.0 17 31 56.869 -33 47 04.172   -1.0   18.0       0.0  5.513 291030344.00863063 291031344.00863063     0.012 90501312002  34-1934 174.90401492118002      262.992     -33.8329  0.0006913831869165272  88.79109619142329 228.44006794141205 148.57683455621736    null    null 
   66.0 0.0137 613.40002 437.89999    1.0 17 31 42.405 -33 50 26.912   -1.0   16.0 3.476e-06  3.136 291014844.00863063 291015844.00863063    0.0044 90501312002  34-1934   197.393363105866      262.992     -33.8329  0.0005383545685683006   66.4594691720362  326.3861336917596  199.4303554495825    null    null 
  110.0 0.0248     600.5 486.78571    1.0 17 31 44.958 -33 48 26.773   -1.0   16.0 3.344e-13   4.39 291025344.00863063 291026344.00863063    0.0056 90501312002   34-159  187.4776499784046      262.992     -33.8329  0.0001067033573470264  51.63119090671904 296.85515958866904 158.39359988216123    null    null 
  135.0 0.0118   608.875    436.75    1.0 17 31 43.298 -33 50 29.749   -1.0   16.0 1.333e-06  3.053 291014844.00863063 291015844.00863063    0.0039 90501312002   34-159  186.8443901252355      262.992     -33.8329  0.0007396240873904598  54.96986257196471  322.5684339412463  202.1219677232262    null    null 
  162.0 0.0142     602.0     471.5    1.0 17 31 44.660 -33 49 04.344   -1.0   16.0 8.823e-09   3.44 291037344.00863063 291038344.00863063    0.0041 90501312002  159-559  175.7780106205367      262.992     -33.8329  0.0008828661472503143  44.43208352551538  303.7206576875984 172.12901043057178    null    null 
  167.0 0.0262 601.69232 481.23077    1.0 17 31 44.722 -33 48 40.425   -1.0   18.0 2.069e-11  3.734 291038344.00863063  291038948.9704807     0.007 90501312002  159-559 183.85128691158582      262.992     -33.8329  0.0008722385497380138 13.020445316034577  299.9546965191534 163.15499479852332    null    null 
   60.0 0.0329 577.27271 564.90906    1.0 16 59 05.516 -37 05 34.090   -1.0   14.0 1.376e-07  3.948 246740073.26150826 246741073.26150826    0.0083 90301324001  34-1934   343.714926378694     254.8874    -37.12088  8.571996040489729e-05   4.18029620773062  71.87735878522236 236.41025293985976     252    2895 
   69.0 0.0378 545.22223 635.33331    1.0 16 59 12.106 -37 02 41.023   -1.0   14.0  1.11e-08  4.265 246740073.26150826 246741073.26150826    0.0089 90301324001  34-1934  370.8500854218008     254.8874    -37.12088   0.000802905990434182   96.3681761720782 109.92281924612574  303.6376229171113     159    2882 
  118.0 0.0213 574.47998 622.03998    1.0 16 59 06.097 -37 03 13.661   -1.0   14.0 4.987e-05  3.204 246752073.26150826 246753073.26150826    0.0066 90301324001  34-1934  402.2175569452471     254.8874    -37.12088 4.5688669763432724e-07  4.411658108941386  79.62948657216776 292.85486020374697     152    2520 
  178.0 0.0166 570.41663 525.58337    1.0 16 59 06.919 -37 07 10.768   -1.0   14.0 2.249e-05  3.142 246771073.26150826 246772073.26150826    0.0053 90301324001  34-1934  311.7137462928784     254.8874    -37.12088   0.000600496099752382  3.002842386270905   75.2739756690491  196.8301830807752     311    1777 
  205.0 0.0216 575.14282 544.38098    1.0 16 59 05.950 -37 06 24.554   -1.0   14.0  8.92e-06  3.413 246783073.26150826 246784073.26150826    0.0063 90301324001  34-1934   327.235442296293     254.8874    -37.12088  0.0008910487584323191 10.085474769837777  72.20673760157418  215.8687331143513     321    2904 
  228.0 0.0191  577.3125   536.625    1.0 16 59 05.503 -37 06 43.615   -1.0   14.0 9.141e-06  3.327 246787073.26150826 246788073.26150826    0.0057 90301324001  34-1934 330.14509584278426     254.8874    -37.12088  0.0006386179594451299                0.0  69.37405583521169  208.3544073169843     275    1986 
  276.0 0.0191 576.07141     576.0    1.0 16 59 05.764 -37 05 06.830   -1.0   14.0 3.722e-05  3.106 246736573.26150826 246737573.26150826    0.0062 90301324001  34-1934  349.9471767843925     254.8874    -37.12088  0.0003577226306396284                1.0   74.0411944758226 247.31415765664937     154    2104 
  279.0 0.0315 580.16663   531.875    1.0 16 59 04.916 -37 06 55.287   -1.0   14.0 1.023e-09  4.459 246740573.26150826 246741573.26150826    0.0071 90301324001  34-1934 336.23673245836454     254.8874    -37.12088  2.680534334562675e-05 4.9532616114075925   66.1099916189921   203.870164652969     331    3051 
  300.0 0.0216 578.38708 598.87097    1.0 16 59 05.292 -37 04 10.607   -1.0   14.0 1.348e-05  3.368 246746573.26150826 246747573.26150826    0.0064 90301324001  34-1934 379.18930663003675     254.8874    -37.12088  0.0004588919691109391  6.589818890773409  73.72930125298672  270.1955559835711     194    2481 
  318.0 0.0258 416.42856 471.28571    1.0 16 59 38.575 -37 09 24.213   -1.0   14.0 1.006e-05  3.513 246763573.26150826 246764573.26150826    0.0073 90301324001  34-1934 145.38153277158148     254.8874    -37.12088 1.5156827085453767e-06 204.33327849586522 223.80746326151348 130.18767210998382    7045    9910 
  344.0 0.0206 550.13635     636.0    1.0 16 59 11.097 -37 02 39.380   -1.0   14.0 2.652e-05  3.264 246782573.26150826 246783573.26150826    0.0063 90301324001  34-1934  380.2774322362331     254.8874    -37.12088  0.0006014393425566795  81.81780811106947  105.0851244918038  304.7026095647602     121    2338 
  347.0 0.0369 428.88889 474.33334    1.0 16 59 36.012 -37 09 16.744   -1.0   16.0 4.385e-08  4.322 246787573.26150826 246788573.26150826    0.0085 90301324001  34-1934 126.88913142148913     254.8874    -37.12088  5.084069856950009e-07  315.3655084593253  211.6705951556733  134.2472449388603    7489    9930 
  407.0 0.0151 567.92859 522.28571    1.0 16 59 07.430 -37 07 18.878   -1.0   14.0 3.946e-05  3.022 246771073.26150826 246772073.26150826     0.005 90301324001   34-159  305.5892635372742     254.8874    -37.12088  0.0006386179594451299                0.0  77.46862587909484 193.35345729590165     104    1307 
  501.0 0.0158 577.27271 561.09094    1.0 16 59 05.515 -37 05 43.476   -1.0   14.0 2.028e-06    3.3 246800573.26150826 246801573.26150826    0.0048 90301324001   34-159 341.07927698432803     254.8874    -37.12088  0.0002913030692571581 0.9908083950145214  71.54471866361966 232.62402069744562      75    1270 
    5.0  0.018     533.0 420.58334    1.0 01 46 12.946 +61 44 03.208   -1.0   18.0 9.281e-14  4.016 240185065.30217883 240186065.30217883    0.0045 90301010002   34-159  89.45765102667599     26.59253     61.75106   0.000782026364797461 30.152966763472513  277.6064784160987 215.16862057773452    null    null 
    1.0 0.0117   442.625   544.125    1.0 22 32 44.343 +11 44 36.905   -1.0   18.0 1.847e-09  3.238  220800063.7109234  220801063.7109234    0.0036 90202044002  34-1934  125.2661619524772     338.1517      11.7308  5.128370227439522e-06 191.70148432265964  254.6445524801064  166.7749596777276    null    null 
    1.0 0.0117 542.20001 527.70001    1.0 17 53 26.236 -01 25 08.859   -1.0   16.0 1.665e-07  3.124 225339469.36455512 225340469.36455512    0.0037 90201048002  34-1934 121.29971966424414    268.36788     -1.45172  0.0004647671245761346 109.29342669242686 213.91906026396768 154.74006645534422    null    null 
   16.0   0.01   543.875     528.0    1.0 17 53 25.962 -01 25 08.121   -1.0   18.0 6.392e-09  3.028 225339969.36455512 225340969.36455512    0.0033 90201048002   34-159 123.11636789034621    268.36788     -1.45172  0.0009918769211345688 32.893249084621786   215.458782856931 154.02770131242355    null    null 
  361.0 0.0499     450.5 529.58337    1.0 17 28 19.806 -14 15 55.221   -1.0   18.0       0.0  5.746 175225037.82624784 175226037.82624784    0.0087 90101008002  34-1934 0.6405614751979393   262.082483   -14.265519  3.337370908976882e-05  38.54181358556684 246.58568116724905 210.13232977149062    null    null 
  385.0 0.0257 562.36841  317.1579    1.0 17 28 00.884 -14 24 37.379   -1.0   18.0 3.331e-16  4.696 175237037.82624784 175238037.82624784    0.0055 90101008002  34-1934  589.5293328099987   262.082483   -14.265519  0.0006820516161507878 43.629033480985754  99.05866771327447 20.762895502399882    null    null 
  504.0 0.0402 447.10001 390.20001    1.0 17 28 20.385 -14 21 37.838   -1.0   18.0 5.098e-13  3.906 175187537.82624784 175188537.82624784      0.01 90101008002  34-1934  342.0945900504043   262.082483   -14.265519  0.0005587088576447647   32.6654844485954 225.37989894045026  72.34290895074754    null    null 
  507.0 0.0454     452.0 530.29999    1.0 17 28 19.553 -14 15 53.460   -1.0   18.0       0.0  5.253 175196537.82624784 175197537.82624784    0.0086 90101008002  34-1934 4.2849478464250526   262.082483   -14.265519  0.0004588919691109374  25.23305984885026 245.23861814007662 211.10146046804752    null    null 
 1029.0 0.0182     452.0 532.07141    1.0 17 28 19.553 -14 15 49.105   -1.0   21.0       0.0   4.17 175248537.82624784 175249537.82624784    0.0044 90101008002  159-559  7.625173847482915   262.082483   -14.265519   0.000600496099752382               18.0 245.55098133549407 212.84419188935217    null    null 
   14.0  0.126 545.32654 528.51697    1.0 18 04 06.347 -34 18 08.871   -1.0   18.0       0.0  10.42  166711788.0297548  166712788.0297548     0.012 90101003002  34-1934 172.51258921244218    271.03791   -34.349444 2.6816540260230333e-05 127.14442155041809 237.75577332765232 142.07657836035992    null    null 
   19.0 0.0533    456.75 457.98529    1.0 18 04 23.924 -34 21 02.247   -1.0   16.0       0.0  6.419  166711788.0297548  166712788.0297548    0.0083 90101003002  34-1934 183.62732557822716    271.03791   -34.349444 4.9580863494345397e-20 330.74643500341483 180.17745306899923 239.55711170706033    null    null 
   21.0 0.0329 447.36111 461.55554    1.0 18 04 25.787 -34 20 53.461   -1.0   14.0       0.0  5.076  166711788.0297548  166712788.0297548    0.0065 90101003002  34-1934 206.70163486312893    271.03791   -34.349444  8.972874977546471e-06  170.5097629787827 170.13435925712423 239.57289656382366    null    null 
   22.0 0.0385 460.56522 439.47827    1.0 18 04 23.168 -34 21 47.742   -1.0   16.0       0.0  5.233  166711788.0297548  166712788.0297548    0.0073 90101003002  34-1934 181.17071655557982    271.03791   -34.349444 3.5342474370678223e-25  205.9360063586763 190.34548234291586 255.48754605378582    null    null 
   23.0 0.0551    471.75 424.64285    1.0 18 04 20.948 -34 22 24.217   -1.0   16.0       0.0  6.639  166711788.0297548  166712788.0297548    0.0083 90101003002  34-1934 170.17284421727047    271.03791   -34.349444                    0.0 258.05204772951924  206.0844582570992 265.35447003684305    null    null 
   28.0 0.0218     460.5  425.9375    1.0 18 04 23.182 -34 22 21.027   -1.0   14.0  3.65e-08  3.858  166711788.0297548  166712788.0297548    0.0057 90101003002  34-1934 193.13353574004026    271.03791   -34.349444  2.939274945129656e-11  102.1323966581713 195.11436878117246 268.15792375748765    null    null 
   35.0 0.0575 606.78125    476.75    1.0 18 03 54.147 -34 20 16.027   -1.0   16.0       0.0  6.974  166711788.0297548  166712788.0297548    0.0082 90101003002  34-1934  189.8894911393504    271.03791   -34.349444 5.6606599152964665e-15  132.5353800764534  313.6287876889145 168.50675956790897    null    null 
   39.0 0.0532 609.79688 447.35938    1.0 18 03 53.544 -34 21 28.266   -1.0   16.0       0.0  6.656  166711788.0297548  166712788.0297548     0.008 90101003002  34-1934  195.0090046045714    271.03791   -34.349444  6.790138711276928e-13    217.40909572329 326.92805333467004  194.8837264091832    null    null 
   41.0 0.0171 577.77777 397.66666    1.0 18 03 59.894 -34 23 30.475   -1.0   14.0 1.048e-06   3.41  166711788.0297548  166712788.0297548     0.005 90101003002  34-1934 190.38794058619115    271.03791   -34.349444  0.0002168562901878026  77.02411996528622  314.7479836587383  252.7257575377829    null    null 
   42.0 0.0273 610.70587 431.82352    1.0 18 03 53.361 -34 22 06.452   -1.0   16.0 8.644e-11  4.422  166711788.0297548  166712788.0297548    0.0062 90101003002  34-1934 206.57509257263496    271.03791   -34.349444  0.0001829013909043125   92.5069394242056 333.31889019774934 209.07348053835935    null    null 
   44.0 0.0641 485.08109 518.47296    1.0 18 04 18.299 -34 18 33.578   -1.0   16.0       0.0  7.448  166722788.0297548  166723788.0297548    0.0086 90101003002  34-1934 183.94286684455085    271.03791   -34.349444  0.0004163793201196503  76.36780115780513  185.0628737562345  172.9518684678814    null    null 
   57.0 0.0278 553.35291 550.35291    1.0 18 04 04.757 -34 17 15.188   -1.0   16.0 1.101e-13  4.691  166722788.0297548  166723788.0297548    0.0059 90101003002  34-1934 229.19614324101312    271.03791   -34.349444   0.000559461420583565  77.16486749406192 237.46261309807264 118.81465199629064    null    null 
   60.0  0.128 576.49316 517.04114    1.0 18 04 00.163 -34 18 37.042   -1.0   21.0       0.0  10.58  166722788.0297548  166723788.0297548     0.012 90101003002  34-1934 179.21814407081035    271.03791   -34.349444   8.44560377856948e-07  310.5151547848718  270.9632822877766  141.6742424622171    null    null 
   61.0 0.0268 443.14285 450.85715    1.0 18 04 26.626 -34 21 19.755   -1.0   16.0  4.94e-13  4.592  166722788.0297548  166723788.0297548    0.0058 90101003002  34-1934 218.12298962808327    271.03791   -34.349444  6.155073069020804e-05  80.68847814379782  170.0069024286323 251.07482393042432    null    null 
   62.0 0.0224  438.9375  463.5625    1.0 18 04 27.459 -34 20 48.518   -1.0   16.0 2.729e-09  4.026  166722788.0297548  166723788.0297548    0.0056 90101003002  34-1934 227.55735928902305    271.03791   -34.349444 0.00023272283337848803   65.1367336214436 161.55024436702675  240.7037619990476    null    null 
   67.0 0.0477     467.0 421.61539    1.0 18 04 21.891 -34 22 31.656   -1.0   16.0       0.0  6.268  166722788.0297548  166723788.0297548    0.0076 90101003002  34-1934 184.00787927642017    271.03791   -34.349444  6.499261889087902e-10  84.01884768938972  202.7312113085541  269.8765933983308    null    null 
   76.0 0.0595 607.71796 469.51282    1.0 18 03 53.960 -34 20 33.815   -1.0   18.0       0.0  6.962  166722788.0297548  166723788.0297548    0.0085 90101003002  34-1934 189.05845256582907    271.03791   -34.349444 0.00025072227779996504  222.4431325782058 317.08543572520614 174.93189804255746    null    null 
   87.0 0.0706 464.89655 496.05173    1.0 18 04 22.305 -34 19 28.682   -1.0   16.0       0.0  7.844  166728788.0297548  166729788.0297548     0.009 90101003002  34-1934 186.34239244054822    271.03791   -34.349444 1.1733539830925613e-06 207.14270302224165 174.20619063134416  201.0956314694604    null    null 
   92.0 0.0402 456.35483 469.25806    1.0 18 04 24.002 -34 20 34.537   -1.0   16.0       0.0  5.517  166728788.0297548  166729788.0297548    0.0073 90101003002  34-1934  186.0349062614417    271.03791   -34.349444  8.862164956860093e-10 197.08274727464368 175.78626030727588 229.16988896964835    null    null 
   93.0 0.0624 558.79071 539.83722    1.0 18 04 03.678 -34 17 41.031   -1.0   18.0       0.0   7.02  166728788.0297548  166729788.0297548    0.0089 90101003002  34-1934  208.0876147137402    271.03791   -34.349444  0.0002774417202377257 128.58397611649795  246.2913707110454 126.69842351938645    null    null 
   95.0 0.0584  570.7381  533.5238    1.0 18 04 01.307 -34 17 56.535   -1.0   18.0       0.0  6.743  166728788.0297548  166729788.0297548    0.0087 90101003002  34-1934 205.52911395395992    271.03791   -34.349444   6.69548002647231e-05  149.7602099785408 259.70568685931977   128.332319105742    null    null 
   97.0 0.0292 452.52942 454.29413    1.0 18 04 24.762 -34 21 11.316   -1.0   16.0  9.59e-11    4.5  166728788.0297548  166729788.0297548    0.0065 90101003002  34-1934 194.41071368041497    271.03791   -34.349444 4.2016137783975614e-16  224.1015911906236 177.55361287250307  244.5133662497807    null    null 
  100.0  0.096 587.98035 507.43137    1.0 18 03 57.883 -34 19 00.645   -1.0   18.0       0.0  8.953  166728788.0297548  166729788.0297548     0.011 90101003002  34-1934 181.85883421270404    271.03791   -34.349444  0.0008164130459403414 317.28873198489975  285.1189553622898 146.55200882227624    null    null 
  102.0 0.0192 472.36365 415.22726    1.0 18 04 20.827 -34 22 47.362   -1.0   14.0 1.097e-06  3.512  166728788.0297548  166729788.0297548    0.0055 90101003002  34-1934 181.78971747763757    271.03791   -34.349444   0.000881748911339239 138.96654313388953 210.01542895811926  273.9324945487356    null    null 
  104.0 0.0633 602.20929 484.83722    1.0 18 03 55.056 -34 19 56.157   -1.0   18.0       0.0  6.992  166728788.0297548  166729788.0297548    0.0091 90101003002  34-1934 184.60446913117772    271.03791   -34.349444  6.447214332840097e-27 191.03008282954693 306.47092408331036 162.58427028246322    null    null 
  110.0 0.0414    609.44 457.92001    1.0 18 03 53.616 -34 21 02.307   -1.0   16.0       0.0  5.743  166728788.0297548  166729788.0297548    0.0072 90101003002  34-1934 191.80807689283574    271.03791   -34.349444   7.66071124844932e-05 175.98030429208399  322.8323867766109 185.14705130454396    null    null 
  111.0 0.0377 606.77271 439.63635    1.0 18 03 54.143 -34 21 47.256   -1.0   16.0       0.0  5.502  166728788.0297548  166729788.0297548    0.0069 90101003002  34-1934 191.66213054697135    271.03791   -34.349444  0.0009895461520305817  95.08380833131613 326.85998145316927 203.18033033409358    null    null 
  114.0 0.0934 537.77588 534.74139    1.0 18 04 07.846 -34 17 53.577   -1.0   18.0       0.0  8.944  166734788.0297548  166735788.0297548      0.01 90101003002  34-1934 185.05485475359475    271.03791   -34.349444  0.0004304410863532338   190.830262835874  228.4790746635254 138.95489611268454    null    null 
  116.0  0.101 567.67212 527.62292    1.0 18 04 01.915 -34 18 11.044   -1.0   18.0       0.0  9.374  166734788.0297548  166735788.0297548     0.011 90101003002  34-1934 189.18155753728269    271.03791   -34.349444  0.0007361558928183288 248.40931372179494  258.9442742925888  134.9391262938921    null    null 
  119.0 0.0561 582.91895 520.67566    1.0 18 03 58.889 -34 18 28.098   -1.0   18.0       0.0  6.522  166734788.0297548  166735788.0297548    0.0086 90101003002  34-1934 196.12213972604516    271.03791   -34.349444 2.6075033555157016e-06 225.18809085839754  275.6663324895361 135.98883180029574    null    null 
  120.0 0.0189 458.20001 428.39999    1.0 18 04 23.638 -34 22 14.972   -1.0   14.0  1.02e-06    3.5  166734788.0297548  166735788.0297548    0.0054 90101003002  34-1934 195.78845966397188    271.03791   -34.349444  1.818256352159462e-10  76.50864097676526 192.08891952179252   266.678397954836    null    null 
  121.0 0.0654 597.30951 512.92859    1.0 18 03 56.033 -34 18 47.116   -1.0   18.0       0.0  7.354  166734788.0297548  166735788.0297548    0.0089 90101003002  34-1934 208.14567168796134    271.03791   -34.349444  2.611845468194421e-05 142.45801808793524  291.8733151206797 138.09049349607758    null    null 
  133.0  0.082  538.8269 538.30768    1.0 18 04 07.637 -34 17 44.810   -1.0   18.0       0.0  8.287  166740788.0297548  166741788.0297548    0.0099 90101003002  34-1934  194.0170779915737    271.03791   -34.349444   0.000734349868942222  164.8924434818254  228.1929772676007 135.24771046893406    null    null 
  134.0 0.0218 455.36365 481.45456    1.0 18 04 24.197 -34 20 04.555   -1.0   14.0 1.296e-08  3.915  166740788.0297548  166741788.0297548    0.0056 90101003002  34-1934 194.45883059654983    271.03791   -34.349444 0.00015026423121318485 232.74539944544324  170.5126243765508 218.12918118248578    null    null 
  136.0 0.0683  554.6571 537.25714    1.0 18 04 04.497 -34 17 47.378   -1.0   18.0       0.0  7.456  166740788.0297548  166741788.0297548    0.0092 90101003002  34-1934 198.94847679496831    271.03791   -34.349444 0.00034611461494304366 162.76226131139947 243.35245996140253  130.5812777262588    null    null 
  139.0 0.0572 591.72974 513.81079    1.0 18 03 57.140 -34 18 44.957   -1.0   18.0       0.0  6.745  166740788.0297548  166741788.0297548    0.0085 90101003002  34-1934 199.10678558441722    271.03791   -34.349444  7.730215403614154e-06  167.0877572508756  286.3475976841525 139.25692373242438    null    null 
  143.0 0.0702 607.20929 483.65115    1.0 18 03 54.064 -34 19 59.062   -1.0   18.0       0.0  7.442  166740788.0297548  166741788.0297548    0.0094 90101003002  34-1934 195.32791597489344    271.03791   -34.349444 1.3490241471164974e-11 189.69353372806995  311.5630266422717  161.9086543522394    null    null 
  154.0 0.0302    455.56    437.44    1.0 18 04 24.162 -34 21 52.748   -1.0   16.0 7.213e-12  4.664  166711288.0297548  166712288.0297548    0.0065 90101003002  34-1934 194.38495949593303    271.03791   -34.349444  3.411765177219627e-13 122.17525382530563  186.3950424822677 259.17684152485026    null    null 
  158.0 0.0918 595.88678 495.22641    1.0 18 03 56.312 -34 19 30.632   -1.0   18.0       0.0  8.957  166711288.0297548  166712288.0297548      0.01 90101003002  34-1934 180.88284719173427    271.03791   -34.349444 3.5402720179959145e-06  266.3575410538733  296.8618010476453 155.13131156169328    null    null 
  169.0 0.0389     457.0 446.60001    1.0 18 04 23.875 -34 21 30.233   -1.0   16.0       0.0  5.246  166717288.0297548  166718288.0297548    0.0074 90101003002  34-1934 185.78375241145895    271.03791   -34.349444                    0.0   295.331095347251 184.47275370310032 250.10497506203163    null    null 
  172.0   0.11 590.85333 501.67999    1.0 18 03 57.312 -34 19 14.778   -1.0   18.0       0.0  9.703  166717288.0297548  166718288.0297548     0.011 90101003002  34-1934 178.80238498753897    271.03791   -34.349444 3.9984128631949746e-05   264.603388957423 289.85784104864786 150.90189729065892    null    null 
  175.0 0.0452 477.94736 406.78946    1.0 18 04 19.718 -34 23 08.105   -1.0   16.0       0.0  5.982  166717288.0297548  166718288.0297548    0.0075 90101003002  34-1934 184.97409562485043    271.03791   -34.349444  4.474799840287672e-06 107.26778746549442 218.24338454597859 279.81871726108426    null    null 
  194.0 0.0244 450.83334 441.55554    1.0 18 04 25.100 -34 21 42.627   -1.0   16.0 3.998e-08  3.965  166729288.0297548  166730288.0297548    0.0062 90101003002  34-1934 203.09667756209495    271.03791   -34.349444 1.4030366579776732e-10 123.55794383997048 180.51140630090978  257.0171031855435    null    null 
  195.0 0.0371 484.78125     408.0    1.0 18 04 18.361 -34 23 05.132   -1.0   16.0       0.0  5.192  166729288.0297548  166730288.0297548    0.0071 90101003002  34-1934  171.2172619801166    271.03791   -34.349444 7.2536825734721615e-06 131.49993303029402  224.1953983809118  276.2506528985689    null    null 
  196.0 0.0798 600.47461 444.01694    1.0 18 03 55.394 -34 21 36.501   -1.0   18.0       0.0  8.231  166729288.0297548  166730288.0297548    0.0097 90101003002  34-1934  174.0474281650032    271.03791   -34.349444  0.0007764373005222365 107.02988756642478 319.41211559186945 201.33174265019173    null    null 
  202.0  0.048 571.58069 401.93549    1.0 18 04 01.125 -34 23 19.991   -1.0   16.0       0.0  6.302  166740288.0297548  166741288.0297548    0.0076 90101003002  34-1934  172.9684593546982    271.03791   -34.349444   0.000512059958133488   47.4899317086396  307.4363116870097 250.94767788666383    null    null 
  226.0 0.0844 572.92456 517.84906    1.0 18 04 00.871 -34 18 35.062   -1.0   18.0       0.0  8.483  166722788.0297548  166723788.0297548    0.0099 90101003002   34-159  175.5458311765162    271.03791   -34.349444 1.3383849176140255e-05  287.7173479798482 267.34269530564677 142.19523296323217    null    null 
  232.0 0.0583     585.5 517.70587    1.0 18 03 58.377 -34 18 35.394   -1.0   18.0       0.0  6.871  166722788.0297548  166723788.0297548    0.0085 90101003002   34-159 194.87006073446582    271.03791   -34.349444  2.404898712001152e-05 157.48744228177435   279.136945788115 137.84367026742524    null    null 
  257.0 0.0602 481.97058 520.58826    1.0 18 04 18.916 -34 18 28.377   -1.0   18.0       0.0  7.242  166740788.0297548  166741788.0297548    0.0083 90101003002   34-159 192.78092448658413    271.03791   -34.349444  0.0008776892881243515 101.49491565348674 181.40136845534977 172.08507481390512    null    null 
  260.0 0.0264 454.73334 487.39999    1.0 18 04 24.322 -34 19 49.940   -1.0   16.0 1.725e-12  4.533  166740788.0297548  166741788.0297548    0.0058 90101003002   34-159  200.4306730696054    271.03791   -34.349444  0.0008251329208512536 157.51158578314323  167.8006566580616 212.80286222712348    null    null 
  263.0 0.0339 549.24139 539.62073    1.0 18 04 05.572 -34 17 41.573   -1.0   16.0       0.0  5.176  166740788.0297548  166741788.0297548    0.0066 90101003002   34-159 201.21030401548512    271.03791   -34.349444  0.0006717038005280864 131.19962573952634  237.4489736584877 130.30730093486054    null    null 
  264.0 0.0972 565.90906 528.24243    1.0 18 04 02.264 -34 18 09.523   -1.0   18.0       0.0  9.307  166740788.0297548  166741788.0297548      0.01 90101003002   34-159 188.54415028093953    271.03791   -34.349444  0.0005265324643796429   203.790384524432  257.0801573974285 134.98632547181634    null    null 
  265.0 0.0862 579.66663 514.49023    1.0 18 03 59.533 -34 18 43.308   -1.0   18.0       0.0  8.576  166740788.0297548  166741788.0297548      0.01 90101003002   34-159 179.38976064330768    271.03791   -34.349444  9.960134729317967e-08 273.04900161580014   274.837730268929 142.92300057645556    null    null 
  267.0 0.0317 466.66666 433.66666    1.0 18 04 21.957 -34 22 02.032   -1.0   16.0 5.256e-13  4.835  166740788.0297548  166741788.0297548    0.0066 90101003002   34-159 171.60502634320747    271.03791   -34.349444 1.8179618642425364e-10 106.24903637483335 198.11566204666784 258.73771773728663    null    null 
  272.0 0.0574 602.95654     483.5    1.0 18 03 54.908 -34 19 59.443   -1.0   18.0       0.0  6.761  166740788.0297548  166741788.0297548    0.0085 90101003002   34-159 185.26748442835986    271.03791   -34.349444 2.9567867162401086e-23 190.85519089274408  307.6437805458783 163.56771347652824    null    null 
  294.0 0.0251 450.33334 443.77777    1.0 18 04 25.199 -34 21 37.164   -1.0   16.0 4.206e-10   4.25  166711288.0297548  166712288.0297548    0.0059 90101003002   34-159 203.17057743639356    271.03791   -34.349444 1.1686566392421029e-08 114.27185283953432 179.25090353141684  255.1212561718339    null    null 
  298.0   0.03    458.75  426.4375    1.0 18 04 23.529 -34 22 19.796   -1.0   16.0 6.358e-13  4.751  166711288.0297548  166712288.0297548    0.0063 90101003002   34-159 196.50599650735614    271.03791   -34.349444  6.404871876473389e-09  96.04161389047712 193.30281460688238   268.315887616231    null    null 
  299.0 0.0585 602.86841 470.73685    1.0 18 03 54.923 -34 20 30.816   -1.0   18.0       0.0  6.892  166711288.0297548  166712288.0297548    0.0085 90101003002   34-159 177.67094963141076    271.03791   -34.349444  3.700395514779351e-17 242.56021700905134   312.118689691471 175.52110579212513    null    null 
  301.0 0.0326 610.23999 483.07999    1.0 18 03 53.462 -34 20 00.460   -1.0   16.0 3.209e-14  4.979  166711288.0297548  166712288.0297548    0.0066 90101003002   34-159 202.04630517388006    271.03791   -34.349444 3.7051115509454233e-07 129.59617004675022  314.6014536705181 161.36028471891527    null    null 
  304.0 0.0176 612.85712 438.21429    1.0 18 03 52.935 -34 21 50.738   -1.0   16.0  8.34e-07  3.455  166711288.0297548  166712288.0297548    0.0051 90101003002   34-159  207.0128086709847    271.03791   -34.349444  7.558301259123968e-05 107.96214188992347   333.049179177423   202.334995864558    null    null 
  306.0 0.0339 478.94736  510.6842    1.0 18 04 19.516 -34 18 52.721   -1.0   16.0       0.0  5.296  166740288.0297548  166741288.0297548    0.0064 90101003002   34-159  179.8182674835013    271.03791   -34.349444 1.1490855208816604e-06 152.71380116141802  182.1131456928745 182.41493771773727    null    null 
  315.0  0.025 615.84613 477.53845    1.0 18 03 52.349 -34 20 14.069   -1.0   16.0 4.777e-12   4.42  166740288.0297548  166741288.0297548    0.0057 90101003002   34-159 212.06214652854163    271.03791   -34.349444  0.0005202747635396567  87.53001057170763  321.8123060728339 164.53792826887891    null    null 
  333.0 0.0116     587.5   516.625    1.0 18 03 57.980 -34 18 38.047   -1.0   16.0 3.165e-07  3.089  166728788.0297548  166729788.0297548    0.0037 90101003002  159-559 196.35499167769223    271.03791   -34.349444   0.000967610717852236  34.49818097528865 281.38924283816635 138.13742199052606    null    null 
  342.0 0.0123   457.875     461.0    1.0 18 04 23.700 -34 20 54.837   -1.0   16.0 1.973e-06   3.07  166711288.0297548  166712288.0297548     0.004 90101003002  159-559 180.83317423755162    271.03791   -34.349444  3.681868788683548e-06  65.40629926635077  180.1542895811925 236.34048472392791    null    null 
  345.0 0.0139 601.81818 456.54544    1.0 18 03 55.129 -34 21 05.702   -1.0   16.0 3.166e-08  3.376  166711288.0297548  166712288.0297548    0.0041 90101003002  159-559 173.19343664012007    271.03791   -34.349444  7.104942582873008e-05 50.027741887378696   316.201218075641 189.15128198701723    null    null 
  351.0  0.018  599.9231 483.38461    1.0 18 03 55.510 -34 19 59.733   -1.0   18.0 4.191e-09  3.749  166723288.0297548  166724288.0297548    0.0048 90101003002  159-559 178.11386628337834    271.03791   -34.349444 4.5278281492995903e-08  51.97833239331656  304.8548484924434 164.75713175768817    null    null 
  353.0  0.179     570.5 468.17441    1.0 18 04 01.347 -34 20 37.171   -1.0   21.0       0.0  13.12  166735288.0297548  166736288.0297548     0.014 90101003002  159-559  98.25039834916468    271.03791   -34.349444                    0.0  270.1941835566039 282.79833579788965  189.4611794781824    null    null 
  355.0 0.0235     574.0 514.42859    1.0 18 04 00.658 -34 18 43.468   -1.0   18.0  6.65e-14  4.449  166746288.0297548  166747288.0297548    0.0053 90101003002  159-559 170.37858514916798    271.03791   -34.349444  1.800799508090652e-08 163.62886582464273  269.5619840096243  145.0052231885511    null    null 
    7.0 0.0214 660.42859 476.85715    1.0 18 36 32.363 -28 55 02.590   -1.0   18.0 2.109e-15  4.353 165229590.11408854 165230590.11408854    0.0049 90001009002  34-1934  323.4151537675186     279.2368     -28.9277 0.00046844005319131754 44.142251689397014 336.54805333628605 143.29790853959764    null    null 
    9.0 0.0123   672.625     474.5    1.0 18 36 30.079 -28 55 08.351   -1.0   18.0 1.638e-07  3.182 165229590.11408854 165230590.11408854    0.0039 90001009002  34-1934  352.6593548781699     279.2368     -28.9277 0.00012707834250116562 44.473483834291955  348.3604458034513 139.45147820383966    null    null 
   30.0 0.0152 630.77777 396.11111    1.0 18 36 37.901 -28 58 21.141   -1.0   18.0 1.411e-09  3.577 165241590.11408854 165242590.11408854    0.0042 90001009002  34-1934  296.3406413350631     279.2368     -28.9277  0.0008722385497380138  36.45611745105183   349.720414629576 228.29316644805206    null    null 
   46.0 0.0202 650.33331 429.73334    1.0 18 36 34.244 -28 56 58.450   -1.0   18.0 4.896e-13  4.089 165254590.11408854 165255590.11408854    0.0049 90001009002  34-1934 306.81602742315545     279.2368     -28.9277  0.0008524313505878858  44.20314398853819  350.5438968195833 189.40879937992946    null    null 
   54.0 0.0122 623.90002 378.89999    1.0 18 36 39.187 -28 59 03.462   -1.0   18.0 2.239e-07  3.108 165258590.11408854 165259590.11408854    0.0039 90001009002  34-1934  308.4853030352743     279.2368     -28.9277  6.327240538353943e-07  42.77469421966476  352.0365824574553 246.68110445803453    null    null 
   61.0  0.026 672.41174 461.82352    1.0 18 36 30.116 -28 55 39.512   -1.0   18.0  1.11e-16   4.83 165260590.11408854 165261590.11408854    0.0054 90001009002  34-1934  350.7629692019591     279.2368     -28.9277  0.0004305825652340507  41.11604288203213 354.31297378328196 150.64394707255167    null    null 
   74.0 0.0177 632.71429 391.85715    1.0 18 36 37.537 -28 58 31.594   -1.0   18.0 5.705e-12  3.897 165272590.11408854 165273590.11408854    0.0045 90001009002  34-1934 306.10087328909145     279.2368     -28.9277  0.0008722385497380138  36.28988343049413 353.47719239221163 231.07383992300223    null    null 
  119.0  0.019    666.25   472.375    1.0 18 36 31.272 -28 55 13.592   -1.0   21.0       0.0  4.251 165229590.11408854 165230590.11408854    0.0045 90001009002   34-159  336.6119909465162     279.2368     -28.9277  0.0006178619385800407  30.45352650232993 343.81447924296884  144.3982419978536    null    null 
  130.0 0.0146 672.91669 474.66666    1.0 18 36 30.024 -28 55 07.941   -1.0   21.0     2e-12  3.658 165235590.11408854 165236590.11408854     0.004 90001009002   34-159 353.41539711130736     279.2368     -28.9277  0.0005088483883044985  34.72959752735528 348.53597345961873 139.16264713898778    null    null 
  148.0 0.0314 657.33331 465.57144    1.0 18 36 32.940 -28 55 30.339   -1.0   26.0       0.0  5.463 165253590.11408854 165254590.11408854    0.0057 90001009002   34-159  313.8315992613248     279.2368     -28.9277 2.0615179141922814e-05 39.293188136079166 339.30728625453554 154.66789814830588    null    null 
  149.0 0.0189 659.16669 452.58334    1.0 18 36 32.594 -28 56 02.260   -1.0   21.0       0.0  4.147 165258590.11408854 165259590.11408854    0.0046 90001009002   34-159  319.0196474593524     279.2368     -28.9277  0.0005088483883044985  34.69432372529093 347.20444014786295 165.14098512852834    null    null 
  156.0 0.0111 685.09998 491.29999    1.0 18 36 27.747 -28 54 27.019   -1.0   21.0 4.095e-10  3.193 165260590.11408854 165261590.11408854    0.0035 90001009002   34-159 388.75569591592364     279.2368     -28.9277  0.0007582606613450652  24.79764244480282  351.1388706710049   118.711066725721    null    null 
  168.0 0.0142 640.85712 419.14285    1.0 18 36 36.017 -28 57 24.505   -1.0   21.0 1.588e-14  3.663 165270590.11408854 165271590.11408854    0.0039 90001009002   34-159  292.6631801623055     279.2368     -28.9277 0.00022300097107709756  32.77291867134868  347.3834322777371 203.26338730558916    null    null 
  173.0 0.0209 655.61536 461.84616    1.0 18 36 33.261 -28 55 39.501   -1.0   23.0  2.22e-16  4.354 165277590.11408854 165278590.11408854    0.0048 90001009002   34-159 309.47396662351645     279.2368     -28.9277  0.0005587088576447647  32.22729843805847  339.6099326269526 158.75935216258114    null    null 
  191.0 0.0309 664.26666 461.33334    1.0 18 36 31.641 -28 55 40.739   -1.0   26.0       0.0  4.279 165313590.11408854 165314590.11408854    0.0072 90001009002   34-159  330.7431030446479     279.2368     -28.9277  0.0008456548008454196 22.903507381308255  347.4258215082705 155.01706684496534    null    null 
  225.0 0.0103 637.88892 423.11111    1.0 18 36 36.573 -28 57 14.757   -1.0   21.0 1.261e-10   3.12 165283590.11408854 165284590.11408854    0.0033 90001009002  159-559  282.4357477330924     279.2368     -28.9277  0.0004605078974030468  16.99336747455765  342.8664548660205 201.22735848253072    null    null 
  242.0 0.0102 640.71429 397.71429    1.0 18 36 36.040 -28 58 17.179   -1.0   21.0 1.081e-09  3.074 165313090.11408854 165314090.11408854    0.0033 90001009002  159-559 315.10628186881394     279.2368     -28.9277  0.0004605078974030468               16.0  357.6360833347529 222.07748539256937    null    null 
    7.0 0.0132 410.71429 509.57144    1.0 18 46 30.766 -02 59 16.455   -1.0   14.0 4.445e-08  3.306  334308475.2961078  334309475.2961078     0.004 80602315002  34-1934  98.80828074434385 281.60391667  -2.97502778  0.0001400348694014814  22.55672656233574  302.4240328346352 176.63772805507745    null    null 
    9.0 0.0141    403.75     528.5    1.0 18 46 31.908 -02 58 29.926   -1.0   16.0 2.455e-09  3.374  334289975.2961078  334290975.2961078    0.0042 80602315002  34-1934 104.35611145665493 281.60391667  -2.97502778 0.00029820435188399627 26.545663557185115 309.32690586521915  195.5866225340924    null    null 
   19.0  0.092 460.88235 492.47058    1.0 14 13 00.724 -65 19 59.047   -1.0   18.0       0.0  5.947 344088253.22576606 344089253.22576606     0.015 80601502001  34-1934 254.26682854731655     213.1625    -65.39278 1.7518683587740318e-07 133.91367939430495 134.96478273104736  237.1243469188374    null    null 
   38.0 0.0113 405.71429     479.0    1.0 14 13 22.400 -65 20 31.923   -1.0   16.0 9.022e-07  3.028 344138253.22576606 344139253.22576606    0.0037 80601502001  34-1934 326.74185352706917     213.1625    -65.39278 0.00041614922829786996  28.85237118629587  135.5570012424471 293.79659043846704    null    null 
   39.0 0.0405 461.85715 498.19049    1.0 14 13 00.339 -65 19 44.989   -1.0   18.0       0.0  5.574 344144253.22576606 344145253.22576606    0.0073 80601502001  34-1934 265.04249843801597     213.1625    -65.39278 0.00026320002211275347  36.64271330550856 129.61589137614288 234.87007932546805    null    null 
   44.0   1.23 439.39035 488.87952    1.0 14 13 09.166 -65 20 07.805   -1.0   53.0       0.0  22.63 344173253.22576606 344174253.22576606     0.054 80601502001  34-1934 279.43672184448513     213.1625    -65.39278 1.2423742494206582e-12  146.6984682353031  133.5803157089913 258.82214688485595    null    null 
   47.0 0.0311 425.09677  469.5484    1.0 14 13 14.793 -65 20 55.261   -1.0   16.0       0.0   5.26 344196253.22576606 344197253.22576606    0.0059 80601502001  34-1934  274.3169439358842     213.1625    -65.39278  3.410619302576249e-05  59.63493698051621 149.16174112499868  277.1266234111013    null    null 
   57.0 0.0124     414.5 503.83334    1.0 14 13 18.927 -65 19 30.930   -1.0   18.0 1.434e-06  3.094 344133753.22576606 344134753.22576606     0.004 80601502001  34-1934  348.4561687063246     213.1625    -65.39278 0.00011220682397644423  21.93685433792628 113.36969172445285 279.58457666535696    null    null 
   81.0 0.0163 418.88889 480.88889    1.0 14 13 17.223 -65 20 27.354   -1.0   18.0 1.121e-12  3.818 344084753.22576606 344085753.22576606    0.0043 80601502001   34-159  303.2045912100617     213.1625    -65.39278  0.0005005777751546203  5.025482286155222 136.70604710679734 280.56322276970127    null    null 
   83.0 0.0184 422.39999 492.20001    1.0 14 13 15.835 -65 19 59.568   -1.0   16.0 9.343e-13  4.012 344138753.22576606 344139753.22576606    0.0046 80601502001   34-159  314.6767070187185     213.1625    -65.39278  9.699442115486825e-05  80.46591957399278  126.4935342310102  274.5705088723465    null    null 
    2.0 0.0133   558.375   512.625    1.0 10 23 29.322 +19 53 36.147   -1.0   16.0 1.614e-08  3.233   311542711.487577   311543711.487577    0.0041 80502609002  34-1934 103.74471367004104     155.8775       19.865  6.094250540562898e-05 20.572373299134185 248.76160994395815  164.8432374976699    null    null 
    3.0 0.0134   492.375   543.125    1.0 06 36 30.473 -42 52 36.102   -1.0   16.0 1.901e-08  3.348 318163456.90440756 318164456.90440756     0.004 80502324010  34-1934   82.1707607055586     99.09828     -42.8678   0.000559562200739303  37.28860624501323 256.07154900517645 173.68419271380193    null    null 
    1.0 0.0119 545.44446 518.11108    1.0 13 48 10.958 -63 14 00.451   -1.0   18.0  5.29e-08   3.18   287162062.002309   287163062.002309    0.0037 80402315006 559-1934 146.83819016615723   207.053042   -63.274111  2.136715521868586e-06  34.31380821079279 238.84803809374947 162.38732925079688    null    null 
    4.0 0.0162 588.59998 476.79999    1.0 13 47 55.223 -63 15 41.832   -1.0   18.0 7.954e-13  3.827   287192062.002309   287193062.002309    0.0042 80402315006 559-1934 126.42263903437967   207.053042   -63.274111 0.00047844875859363205  36.37915446165509 280.63011549819413 205.07988299457958    null    null 
    5.0 0.0164 577.28571 500.64285    1.0 13 47 59.360 -63 14 43.278   -1.0   18.0 2.379e-13  3.857   287193062.002309   287194062.002309    0.0042 80402315006 559-1934 137.34879027116776   207.053042   -63.274111  9.667242271847795e-05  45.46129176806487  270.1053216253482  180.8863607183329    null    null 
    6.0 0.0136 592.18182 483.45456    1.0 13 47 53.924 -63 15 25.455   -1.0   18.0 8.109e-09  3.388   287193062.002309   287194062.002309     0.004 80402315006 559-1934 140.97619946445778   207.053042   -63.274111  1.918706560284836e-05  25.93394014398904  284.4285993401698  198.5452195805445    null    null 
    8.0 0.0183 586.20001 484.89999    1.0 13 47 56.103 -63 15 21.933   -1.0   18.0 2.109e-15  4.099   287163562.002309   287164562.002309    0.0045 80402315006 559-1934 129.62553761102146   207.053042   -63.274111 2.2528254293509776e-09  67.78383732365101   278.498322512937 196.90840529873785    null    null 
    5.0 0.0193 497.66666  533.8667    1.0 15 35 05.778 -57 13 01.621   -1.0   18.0 1.238e-11  4.027 243065090.75708875 243066090.75708875    0.0048 80402302002 559-1934 122.51957370741464    233.83222    -57.23004  2.145557500081763e-05  9.437032229246519 187.95486553457184 228.32511094622782    null    null 
    6.0 0.0162 451.44446 460.55554    1.0 15 35 19.787 -57 16 01.773   -1.0   16.0 3.652e-09  3.632 243065090.75708875 243066090.75708875    0.0045 80402302002 559-1934  133.6403279579701    233.83222    -57.23004  0.0009644798555327328 103.58080274906932 235.21010485643487 155.67987288432192    null    null 
    7.0 0.0125 414.85715 470.85715    1.0 15 35 30.870 -57 15 36.338   -1.0   16.0 9.276e-07  3.124 243065090.75708875 243066090.75708875     0.004 80402302002 559-1934 140.97085562864123    233.83222    -57.23004 1.8382267190544192e-08  32.37517564437458  271.6367823494001  166.4999090030939    null    null 
   12.0 0.0188   417.375   476.875    1.0 15 35 30.105 -57 15 21.555   -1.0   16.0 1.441e-11  3.972 243070090.75708875 243071090.75708875    0.0047 80402302002 559-1934 125.73583192407845    233.83222    -57.23004  5.650406887561512e-07 58.964152991473654 269.04209656871666 172.48018367375508    null    null 
   13.0 0.0141 500.89999 506.70001    1.0 15 35 04.799 -57 14 08.400   -1.0   16.0 1.536e-08  3.413 243071090.75708875 243072090.75708875    0.0041 80402302002 559-1934 122.94875928262675    233.83222    -57.23004  6.375537850928056e-05 17.557235039942512  185.1073483501561  201.1126261707102    null    null 
   15.0 0.0135 410.66666 475.16666    1.0 15 35 32.138 -57 15 25.728   -1.0   16.0 2.148e-07  3.265 243071090.75708875 243072090.75708875    0.0041 80402302002 559-1934 140.19861236141753    233.83222    -57.23004 2.0372872533759336e-08 34.929864167986196 275.76832187705617  170.8703224090381    null    null 
   16.0 0.0173 470.29999 468.70001    1.0 15 35 14.071 -57 15 41.787   -1.0   16.0  4.12e-10  3.784 243064590.75708875 243065590.75708875    0.0046 80402302002 559-1934 122.60116121905189    233.83222    -57.23004  7.827334498874846e-09  46.05949568973721 216.24000783973344 163.55800702776105    null    null 
   17.0 0.0124 432.88889 466.55554    1.0 15 35 25.408 -57 15 46.975   -1.0   16.0  1.18e-06  3.108 243064590.75708875 243065590.75708875     0.004 80402302002 559-1934 127.44379558815271    233.83222    -57.23004  3.222116799122862e-06  69.11606070699466  253.6727471265977 161.94919572734528    null    null 
    2.0 0.0127   489.625     527.0    1.0 15 35 04.828 -57 13 32.897   -1.0   16.0 3.053e-08  3.268  243092944.0003776  243093944.0003776    0.0039 80402302004 559-1934 122.00277006963836    233.83222    -57.23004 0.00043058256523405064 15.160900983201856  191.0179301812407  216.6254881865773    null    null 
    6.0 0.0204 440.54544 470.90909    1.0 15 35 19.705 -57 15 50.696   -1.0   16.0  7.55e-15  4.264  243093944.0003776  243094944.0003776    0.0048 80402302004 559-1934 122.56295801436391    233.83222    -57.23004  8.522000066995965e-09  67.10569361275658 241.12608370495528 161.45903849172277    null    null 
   10.0  0.026   429.125  468.8125    1.0 15 35 23.166 -57 15 55.815   -1.0   18.0       0.0  5.003  243111944.0003776  243112944.0003776    0.0052 80402302004 559-1934 130.67997151115463    233.83222    -57.23004  6.667539095529435e-05  52.32109340060889 252.58062580210324 159.57757896389035    null    null 
    3.0  0.425 505.76471 481.07843    1.0 15 35 00.589 -57 14 59.500   -1.0   16.0       0.0  5.955 244179903.00198677 244180903.00198677     0.071 80402302006  34-1934 171.01798124043745    233.83222    -57.23004  0.0009528521994688507  82.76397775053508 180.85690001228855 171.34963953631262    null    null 
    9.0  0.152     488.0 433.53333    1.0 15 35 05.974 -57 16 56.368   -1.0   16.0 2.884e-05  3.079 244179903.00198677 244180903.00198677      0.05 80402302006  34-1934 218.85977104378946    233.83222    -57.23004  3.044109002803542e-11 140.26091806158524  205.9461915782575 127.22910437062221    null    null 
    3.0 0.0181 490.79999 465.39999    1.0 15 35 03.898 -57 14 39.717   -1.0   18.0 3.042e-14  4.043 246584817.50195855 246585817.50195855    0.0045 80402302009 559-1934 138.52867835620387    233.83222    -57.23004 0.00011249019386913701 16.493191629207477 102.81182015190726  82.28548885943319    null    null 
    5.0 0.0204 466.09091 445.95456    1.0 15 35 11.385 -57 15 27.492   -1.0   16.0       0.0  4.339 246584817.50195855 246585817.50195855    0.0047 80402302009 559-1934  120.2752569842504    233.83222    -57.23004 5.6280113068633766e-11  79.54052267265939 134.17970081423974  79.92404637168886    null    null 
    6.0  0.014 448.84616 430.92307    1.0 15 35 16.615 -57 16 04.407   -1.0   18.0  5.72e-10  3.494 246584817.50195855 246585817.50195855     0.004 80402302009 559-1934  138.6076213739954    233.83222    -57.23004  5.899428280124147e-07  65.66610662401885 157.07544867344149  77.29929095920386    null    null 
   10.0  0.037 475.07144 448.28571    1.0 15 35 08.664 -57 15 21.774   -1.0   21.0       0.0  6.006 246589817.50195855 246590817.50195855    0.0062 80402302009 559-1934 129.78520917209823    233.83222    -57.23004 0.00013373328783860422  20.82812102591606 125.53741925982033  77.14519556481306    null    null 
   11.0  0.013    435.25    426.25    1.0 15 35 20.737 -57 16 15.857   -1.0   21.0 3.307e-12  3.481 246589817.50195855 246590817.50195855    0.0037 80402302009 559-1934  147.9467022678702    233.83222    -57.23004 3.3508933110770895e-07  59.04687914464952  171.0230596057144  80.81668034252772    null    null 
    3.0 0.0422 482.39999 481.76001    1.0 15 35 04.928 -57 13 47.977   -1.0   21.0       0.0  6.433 246625544.00439888 246626544.00439888    0.0066 80402302010 559-1934 120.22896570216783    233.83222    -57.23004  0.0007654913394762883  48.00197057737182 156.59256038647342 158.52706694271913    null    null 
    5.0 0.0204    479.25 463.91666    1.0 15 35 05.884 -57 14 31.836   -1.0   18.0       0.0  4.442 246625544.00439888 246626544.00439888    0.0046 80402302010 559-1934 120.64241487460468    233.83222    -57.23004  4.160246557131443e-05  48.78583779598034 168.26044168391994 144.82532781228434    null    null 
    6.0 0.0134 396.28571 445.14285    1.0 15 35 31.021 -57 15 17.746   -1.0   18.0 1.288e-14   3.57 246625544.00439888 246626544.00439888    0.0037 80402302010 559-1934  128.1370373127688    233.83222    -57.23004  9.165471239939409e-07  24.86738802631229 245.63392684610076 171.63821946169773    null    null 
    6.0 0.0124 499.70001 466.20001    1.0 04 20 11.532 -54 56 11.833   -1.0   16.0 9.338e-08  3.212  276451540.1837739  276452540.1837739    0.0039 80401601002  34-1934  96.01470745034614     65.00167  -54.9378056  0.0007721690163758552 11.093144673817008  229.2323134849954 198.85082857980294    null    null 
    2.0 0.0213     400.0   464.375    1.0 15 35 32.290 -57 14 53.529   -1.0   21.0  2.22e-16  3.834 246423516.50209528 246424262.99904406    0.0055 80302309014 559-1934 121.07808234405499    233.83222    -57.23004  2.462168471649056e-08 20.007228396439633  272.8852389575457  215.9231290571952    null    null 
    1.0 0.0136 532.79999     495.0    1.0 03 34 51.068 +53 11 54.020   -1.0   16.0 2.847e-11  3.515  180172063.0117936  180173063.0117936    0.0039 80102002006 559-1934 120.80058532579879    53.749583    53.173056  0.0007150894132921012  25.76450766435009 240.37813480302952 169.02311420764082    null    null 
    2.0 0.0547 523.15381 506.46155    1.0 03 34 54.858 +53 12 26.884   -1.0   16.0 1.218e-12  4.209 181361013.52613714 181362013.52613714     0.013 80102002008   34-159 131.92973704686602    53.749583    53.173056 0.00015263866875186028 39.221641329623296 208.61470540826136 163.55351844444576    null    null 
    3.0 0.0599   532.625  498.9375    1.0 03 34 52.267 +53 12 08.379   -1.0   16.0 2.665e-14  4.435 181361013.52613714 181362013.52613714     0.014 80102002008   34-159 125.76628776097566    53.749583    53.173056 6.9977403525798955e-06  58.58930420593416 219.84269535471006 159.05330650794315    null    null 
    6.0 0.0493 554.69232 458.30768    1.0 03 34 46.239 +53 10 28.469   -1.0   16.0 6.668e-09  3.792 181361013.52613714 181362013.52613714     0.013 80102002008   34-159 122.97427011459683    53.749583    53.173056 5.1050270682479564e-11  93.30843729790197 266.06208247016474 160.01774296579762    null    null 
    1.0 0.0189 518.33337 483.26666    1.0 17 02 39.985 -48 49 13.676   -1.0   16.0 9.992e-15  4.135 114424463.19908312 114425463.19908312    0.0046 80001013004  159-559 144.49576676870007    255.70567    -48.78967  5.240848068763131e-05 21.762579652660655 189.91376012070754 208.46665948169402    null    null 
    2.0 0.0157 488.08334 471.66666    1.0 17 02 47.515 -48 49 42.193   -1.0   16.0 5.652e-11  3.701 114424463.19908312 114425463.19908312    0.0042 80001013004  159-559   140.588809219922    255.70567    -48.78967 3.2721700593474132e-06 29.625128285297343 210.08433810684951 183.11377179628806    null    null 
    4.0 0.0227 473.83334    472.75    1.0 17 02 51.062 -48 49 39.521   -1.0   16.0       0.0  4.547 114424463.19908312 114425463.19908312     0.005 80001013004  159-559  137.7518853145307    255.70567    -48.78967 1.3168913502237816e-05 38.613052441397215  222.9092335879508 176.81434928846318    null    null 
    6.0 0.0121 432.20001 505.79999    1.0 17 03 01.418 -48 48 18.214   -1.0   14.0 2.122e-08  3.221 114424463.19908312 114425463.19908312    0.0037 80001013004  159-559  131.3715604016478    255.70567    -48.78967   8.17916559863153e-12  40.83944760285618 275.55185753995517  184.1458167742167    null    null 
    7.0 0.0124 425.60001 490.79999    1.0 17 03 03.064 -48 48 55.070   -1.0   16.0 1.002e-07  3.208 114424463.19908312 114425463.19908312    0.0039 80001013004  159-559 163.82021195618933    255.70567    -48.78967  0.0007466422170495774  23.17332332154505  273.6197802296497  167.8728686452285    null    null 
    8.0  0.011 428.79999 519.40002    1.0 17 03 02.261 -48 47 44.776   -1.0   14.0 2.622e-07  3.039 114424463.19908312 114425463.19908312    0.0036 80001013004  159-559 129.33307143101308    255.70567    -48.78967 1.9029562096987582e-10 53.278907225824526  285.3870948910354 194.13393911633818    null    null 
    3.0 0.0277 433.70001 503.39999    1.0 17 03 02.966 -48 48 31.317   -1.0   16.0 2.706e-07  3.294 115047582.01862088 115048582.01862088    0.0084 80001013006   34-159  150.8603485576869    255.70567    -48.78967 1.1845091078817265e-07 27.732768554958007  276.8513712229389 184.54739747483023    null    null 
   23.0 0.0345 570.72729 420.59091    1.0 12 10 25.285 +39 23 17.956   -1.0   18.0       0.0   5.59 316368300.33229923 316369300.33229923    0.0062 60502017008  34-1934  105.5311190951339    182.63575     39.40586  7.032590787702273e-07  64.93956258408116 293.44558820287875  219.9436007082975    null    null 
    7.0 0.0291 542.33337 484.55554    1.0 12 10 25.517 +39 25 46.946   -1.0   18.0 8.886e-10  3.651 317166577.01475585 317167577.01475585     0.008 60502017010  34-1934 118.62227249713676    182.63575     39.40586 1.4048410922303905e-07  37.08130138143993  263.0871965917372 158.73051420242967    null    null 
   12.0  0.031 409.08334 478.83334    1.0 10 31 36.055 -42 06 10.668   -1.0   26.0 1.865e-14  3.462 265161616.34824762 265162616.34824762    0.0089 60468002002  159-559 209.70109132223712    157.84633    -42.06061   0.000291303069257158 11.999683539278907 305.74623373637826 131.47813657549028    null    null 
    1.0  0.011    419.25    533.75    1.0 05 16 44.131 -51 47 05.865   -1.0   16.0 2.189e-07  3.048 260418358.94530815 260419358.94530815    0.0036 60463013002  34-1934  139.6847323518043   79.1255461 -51.79923555 4.3301945524278736e-07   71.2587618926345 278.03009900074557 230.33156291719885    null    null 
    3.0 0.0178 424.90909 528.72729    1.0 05 16 42.634 -51 47 18.228   -1.0   16.0 2.972e-13  3.985 260424358.94530815 260425358.94530815    0.0045 60463013002  34-1934 122.38361858830335   79.1255461 -51.79923555  8.854457017852922e-06  67.62957372884858   272.062902750406 225.67995538320167    null    null 
    8.0 0.0178 426.88889 536.33337    1.0 05 16 42.107 -51 46 59.537   -1.0   16.0 4.928e-13  3.971 260418858.94530815 260419858.94530815    0.0045 60463013002  34-1934 125.20998726696618   79.1255461 -51.79923555 2.7652987020751886e-05  64.23772115114593 270.57426211791085  233.3950493847852    null    null 
   11.0 0.0167 427.44446 532.77777    1.0 05 16 41.961 -51 47 08.278   -1.0   16.0 5.894e-12  3.836 260430858.94530815 260431858.94530815    0.0044 60463013002  34-1934 120.18697683726384   79.1255461 -51.79923555  3.978734247470391e-06  69.13065252787803 269.78985603569345 229.88362066474406    null    null 
   50.0 0.0148 431.72726 389.63635    1.0 17 28 26.658 -14 21 50.377   -1.0   16.0 1.118e-08   3.48  275120781.5103787  275121781.5103787    0.0042 60402007002  34-1934  368.2277540714493     262.0825    -14.26553  0.0008910487584323191 31.255115620887423  208.4064447626067 55.413128994089526    null    null 
  358.0 0.0159 338.60001 382.10001    1.0 17 28 42.412 -14 22 08.821   -1.0   18.0 1.226e-09  3.636  275208781.5103787  275209781.5103787    0.0044 60402007002   34-159  497.0605154078609     262.0825    -14.26553  0.0007582606613450652 24.598115814767517  291.2123987269744 12.594200504353081    null    null 
  284.0 0.0385 473.16666 533.92859    1.0 17 28 20.102 -14 15 48.506   -1.0   18.0       0.0  5.948 307069020.91734374 307070020.91734374    0.0065 60402007004  34-1934  8.577415619743281     262.0825    -14.26553 0.00020460114325307515  36.61582759718128 226.14507369212254 203.31037930786525    null    null 
    2.0 0.0144 642.63635 372.45456    1.0 08 24 43.404 +29 59 12.920   -1.0   23.0  2.22e-16  3.717  277577971.6256782  277578971.6256782    0.0039 60401012002   34-159 324.60843707093596    126.25617     30.04919  0.0006790015108070905 13.056323486049282  343.6100967458223 283.79528583992965    null    null 
    5.0 0.0201 547.55554 436.77777    1.0 08 24 46.202 +29 58 55.505   -1.0   18.0       0.0  4.289 293117314.53683484 293118314.53683484    0.0047 60401012004  34-1934 312.63064030677543    126.25617     30.04919  0.0003169490538066785 35.470525536720594  141.1903346366527 123.56433640244023    null    null 
   16.0 0.0111 539.42859 433.57144    1.0 08 24 47.739 +29 58 47.630   -1.0   18.0 1.468e-07  3.068 293117814.53683484 293118814.53683484    0.0036 60401012004  34-1934 306.72430812787684    126.25617     30.04919 1.1038883088728355e-05  46.44588290065994  148.5877231298252 118.92692427692329    null    null 
    1.0  0.114 549.64478 618.60529    1.0 15 06 44.224 +03 51 49.473   -1.0   26.0       0.0  10.48  254105286.8294347  254106286.8294347     0.011 60301023002  34-1934 333.98636289907785    226.69042      3.77117  0.0004184767837882449 49.316976814376034 224.27362032104938  76.36400695727797    null    null 
    7.0 0.0122 567.22223 627.11108    1.0 15 06 41.337 +03 52 10.379   -1.0   16.0 3.243e-07  3.143  254145286.8294347  254146286.8294347    0.0039 60301023002  34-1934 360.13446965576964    226.69042      3.77117 2.1392751622134644e-13  94.18633278962687 241.24391056998948  66.70831249773526    null    null 
    8.0  0.021   535.625     605.0    1.0 15 06 46.527 +03 51 16.031   -1.0   18.0 3.286e-14   4.28  254146286.8294347  254147286.8294347    0.0049 60301023002  34-1934  300.0647737340298    226.69042      3.77117 0.00011888493425001427  57.23639422281532  211.1904083777222  90.86928108127695    null    null 
    9.0 0.0196  563.9231 623.84613    1.0 15 06 41.879 +03 52 02.354   -1.0   16.0 2.096e-12  4.093  254151286.8294347  254152286.8294347    0.0048 60301023002  34-1934 350.83164915361004    226.69042      3.77117 1.7711592147147778e-06  71.31772787732444  238.1689332173787  70.18513425372323    null    null 
   11.0 0.0182  550.9375  627.9375    1.0 15 06 44.012 +03 52 12.412   -1.0   18.0 2.846e-12  3.977  254164286.8294347  254165286.8294347    0.0046 60301023002  34-1934  357.0889525803124    226.69042      3.77117  3.676137514492323e-05 52.477022156446736 224.93945537558432  66.96756712686161    null    null 
    1.0 0.0173 565.15381 535.53845    1.0 10 23 25.980 +19 54 03.666   -1.0   16.0 4.412e-10  3.781 216394518.61678386 216395518.61678386    0.0046 60202002002  34-1934 145.14370623234814     155.8775       19.865  4.744035571451658e-05 24.299317007107412 236.89934921009197 153.38513086536193    null    null 
  613.0 0.0406     533.5     474.5    1.0 17 28 19.692 -14 15 48.427   -1.0   23.0       0.0  6.262  228158832.4893978  228159832.4893978    0.0065 60201020002   34-159  7.736769815361248     262.0825    -14.26556  0.0004393425483435854  27.30351843450622  244.6080603348433 201.97766379354366    null    null 
    5.0 0.0157 664.66669 483.83334    1.0 13 06 27.295 -40 26 08.832   -1.0   18.0 6.028e-11  3.699  208606484.7122537  208607484.7122537    0.0042 60161526002  34-1934   521.596446073249     196.8004     -40.4076  0.0006410723865440818  40.32461454840517 20.222660851108493   130.172804879471    null    null 
   21.0 0.0146 665.71429 492.85715    1.0 13 06 27.072 -40 25 46.646   -1.0   18.0 4.552e-15  3.583  208600984.7122537  208601984.7122537    0.0041 60161526002   34-159  520.2779657227868     196.8004     -40.4076  5.895819966689295e-05  33.57795553922151 17.751997154419396  138.8916638482979    null    null 
    6.0 0.0128     514.0 492.44446    1.0 18 21 46.585 +64 21 11.873   -1.0   16.0 1.035e-08  3.316  170513646.6215343  170514646.6215343    0.0039 60160683002  34-1934  78.23434875763999     275.4888      64.3434  0.0004716164265123145  31.31008330284181 209.01938269172206 182.38815541980904    null    null 
    6.0 0.0436 319.14285     516.0    1.0 18 03 21.775 -14 52 42.531   -1.0   21.0       0.0  6.331 199793346.35401693 199794346.35401693    0.0069 60160680002  34-1934  517.0001215439928      270.697      -14.915  4.080514446150402e-05  55.84987380161877  44.03358161335607 267.43772696158624    null    null 
    9.0 0.0573 328.25714 523.40002    1.0 18 03 20.229 -14 52 24.354   -1.0   21.0       0.0  7.335 199799346.35401693 199800346.35401693    0.0078 60160680002  34-1934    500.49449986543      270.697      -14.915  5.893050154978746e-05  62.28953857154497  47.72824939380228 256.29761117492137    null    null 
   16.0 0.0251 340.93335 553.93335    1.0 18 03 18.077 -14 51 09.316   -1.0   18.0  1.11e-16  4.749 199805346.35401693 199806346.35401693    0.0053 60160680002  34-1934 499.77485562242856      270.697      -14.915 0.00012707834250116562  44.25564379902941 41.967421948418085 223.74774053577437    null    null 
   18.0 0.0301 317.20001    499.25    1.0 18 03 22.106 -14 53 23.702   -1.0   18.0       0.0  5.245 199805346.35401693 199806346.35401693    0.0057 60160680002  34-1934  512.8041795659883      270.697      -14.915  0.0005191178596573877     50.74262048103  51.42022554035711  282.5972990846124    null    null 
   36.0 0.0779 325.53845 519.48718    1.0 18 03 20.690 -14 52 33.968   -1.0   21.0       0.0  8.601 199811346.35401693 199812346.35401693    0.0091 60160680002  34-1934  504.1183129996757      270.697      -14.915 2.6071464551804308e-06   86.4068328942379  47.54847261378534  261.0568259603448    null    null 
   37.0 0.0859 293.41113 480.33334    1.0 18 03 26.142 -14 54 10.165   -1.0   21.0       0.0  9.053 199811346.35401693 199812346.35401693    0.0095 60160680002  34-1934  564.9833807309286      270.697      -14.915  3.042245096214611e-05  98.32831750826412  41.56545775178959  311.3451614400241    null    null 
   38.0 0.0617 288.34616     468.0    1.0 18 03 27.002 -14 54 40.473   -1.0   18.0       0.0  7.659 199811346.35401693 199812346.35401693    0.0081 60160680002  34-1934  575.8947617456695      270.697      -14.915 0.00015658087198256148  87.81739127594466 43.937187474620906 324.46253176011976    null    null 
   42.0 0.0311    345.25 572.79163    1.0 18 03 17.343 -14 50 22.966   -1.0   18.0       0.0  5.333 199817346.35401693 199818346.35401693    0.0058 60160680002  34-1934  513.1993148342099      270.697      -14.915  7.305837111040722e-05  47.87252259368344   35.4477683802629  205.5316499019642    null    null 
   43.0 0.0613 307.21213 496.66666    1.0 18 03 23.800 -14 53 30.037   -1.0   21.0       0.0  7.542 199818346.35401693 199819346.35401693    0.0081 60160680002  34-1934  535.9626223473231      270.697      -14.915   0.000715089413292103  55.98570063419738  44.39383128560324  290.1530054644809    null    null 
   68.0 0.0319  321.2381 523.38098    1.0 18 03 21.419 -14 52 24.391   -1.0   18.0       0.0  5.556 199800346.35401693 199801346.35401693    0.0057 60160680002   34-159  516.9708685498804      270.697      -14.915 0.00046844005319131754  44.00113258799779 41.825890733586256 260.09508892833526    null    null 
   79.0  0.054 293.80554 480.58334    1.0 18 03 26.075 -14 54 09.551   -1.0   26.0       0.0  7.219 199805346.35401693 199806346.35401693    0.0075 60160680002   34-159   564.063395117498      270.697      -14.915  0.0002120260020948253 46.781238080670974  41.76052579675844  310.9247966772244    null    null 
   87.0 0.0745 324.64935 522.35065    1.0 18 03 20.840 -14 52 26.928   -1.0   26.0       0.0  8.491 199811346.35401693 199812346.35401693    0.0088 60160680002   34-159 508.20185828934376      270.697      -14.915  2.043411542890906e-05   60.8867840892308  45.25737588899331 259.12419802072094    null    null 
   92.0 0.0454 325.86206 513.27588    1.0 18 03 20.636 -14 52 49.237   -1.0   26.0       0.0  6.564 199822346.35401693 199823346.35401693    0.0069 60160680002   34-159  499.3301145768713      270.697      -14.915  0.0006410723865440818  40.60135014605197  51.16254800273804 266.11690044435164    null    null 
   96.0 0.0372 305.37036 498.77777    1.0 18 03 24.112 -14 53 24.845   -1.0   26.0       0.0  5.962 199828346.35401693 199829346.35401693    0.0062 60160680002   34-159  541.2623614901942      270.697      -14.915  0.0009548944383031148  39.78833629967657  41.70904249765062 289.36504124464864    null    null 
  101.0 0.0764  320.6087 522.32605    1.0 18 03 21.525 -14 52 26.983   -1.0   26.0       0.0  8.596 199811846.35401693 199812846.35401693    0.0089 60160680002   34-159  517.6991746188563      270.697      -14.915 1.5211874126261284e-05  64.12668262775482   41.8699894422981  261.3180942767974    null    null 
