| INDEX|COUNTS|     XPIX|     YPIX|VIGCOR|          RA|          DEC|   ERR|  HBOX|     PROB|   SNR|            TSTART|             TSTOP|COUNTSERR|      SEQID|   BOUND|               SEP|     SRCRA|   SRCDEC|                  PVAL|         NETCOUNTS|
|double|double|   double|   double|double|        char|         char|double|double|   double|double|            double|            double|   double|       char|    char|            double|    double|   double|                double|            double|
|      |      |         |         |      |            |             |      |      |         |      |                  |                  |         |           |        |                  |          |         |                      |                ct|
|  null|  null|     null|     null|  null|        null|         null|  null|  null|     null|  null|              null|              null|     null|       null|    null|              null|      null|     null|                  null|              null|
    3.0  0.035   400.125   521.625    1.0 05 55 02.264 +46 25 34.972   -1.0   18.0 1.195e-12  3.746  413922545.2498535  413923045.2498535    0.0093 60802037008  34-1934 100.84160256706733   88.72338  46.43933  0.0007711259498906708 21.128534834011603 
    4.0 0.0285   471.375   521.125    1.0 05 54 45.324 +46 25 33.885   -1.0   18.0 3.109e-15  3.686  413923045.2498535  413923545.2498535    0.0077 60802037008  34-1934  98.06932689403533   88.72338  46.43933 5.6771366701958725e-05  9.408765123315534 
   18.0 0.0371 400.79999 551.09998    1.0 05 55 02.112 +46 26 47.427   -1.0   26.0       0.0  4.251  413917545.2498535  413918045.2498535    0.0087 60802037008   34-159  91.56988603809309   88.72338  46.43933 0.00033428591091943816  19.23960679056141 
    6.0 0.0242 452.28571 493.14285    1.0 05 54 52.931 +46 24 36.960   -1.0   16.0 1.426e-08  3.238  413817820.8981435  413818320.8981435    0.0075 60802037006  34-1934 104.84598611410563   88.72338  46.43933  2.043411542890897e-05  22.35081919055872 
    8.0 0.0249 429.22223 501.11111    1.0 05 54 58.415 +46 24 56.504   -1.0   18.0 9.451e-08  3.211  413824320.8981435  413824820.8981435    0.0077 60802037006  34-1934   98.4910069442495   88.72338  46.43933  0.0009049486573801873 31.533072276684457 
    9.0 0.0257 411.77777 529.55554    1.0 05 55 02.569 +46 26 06.380   -1.0   18.0 9.964e-09  3.318  413824320.8981435  413824820.8981435    0.0077 60802037006  34-1934  93.81383617404563   88.72338  46.43933   7.66763762395784e-05  30.83632275974033 
   93.0 0.0468 463.33334 456.22223    1.0 17 00 49.918 -46 14 16.178   -1.0   14.0 2.287e-08  3.957 402963854.00878036 402964354.00878036     0.012 90801325002  34-1934 205.87541044476512   255.2429   -46.186  0.0006569799283211118 112.73535980364369 
    3.0  0.128 406.09091 548.63635    1.0 17 01 09.913 -46 10 55.900   -1.0   18.0  1.11e-16  4.346 400614549.50583553 400615049.50583553     0.029 90802322002  159-559 121.39208263739732   255.2429   -46.186 2.7204609234813324e-20  90.67666997314885 
    4.0 0.0895    422.25     580.5    1.0 17 01 06.081 -46 09 37.618   -1.0   18.0 9.299e-13  3.593 400614549.50583553 400615049.50583553     0.025 90802322002  159-559 122.44363109620996   255.2429   -46.186  0.0002120260020948238  17.51203972311998 
   11.0  0.041 395.88889 558.88892    1.0 17 03 01.107 -48 47 13.131   -1.0   16.0 5.662e-15  4.271 400602514.46687174 400603014.46687174    0.0096 80801341002  34-1934 116.30408929239397  255.70575 -48.78978 1.1075489185683829e-13  74.58154152100872 
    5.0 0.0274     583.5 468.83334    1.0 16 53 42.376 +39 46 05.716   -1.0   18.0 1.467e-11  3.532 385658862.52366865 385659362.52366865    0.0077 60502009002  34-1934 117.06984656700301 253.467542 39.760169  0.0006465405640593467 22.330585718712705 
   16.0 0.0191 554.16663 412.33334    1.0 16 53 48.637 +39 43 46.882   -1.0   21.0 5.597e-11  3.022 385666362.52366865 385666862.52366865    0.0063 60502009002  159-559 117.22824241799854 253.467542 39.760169 5.9937376839946216e-05  5.591210371702147 
    2.0 0.0253     410.0     555.0    1.0 05 34 41.245 +22 00 46.078   -1.0   18.0 1.804e-10  3.386 351835985.75153214 351836485.75153214    0.0075 10702303002 559-1934  129.6904424944723   83.63303  22.01447  6.815385427212467e-05  38.79979424373728 
    3.0 0.0273 434.27274 597.54541    1.0 05 34 36.957 +22 02 30.682   -1.0   18.0  1.59e-11   3.53 351835985.75153214 351836485.75153214    0.0077 10702303002 559-1934  120.8786242975111   83.63303  22.01447 0.00016364136896042673 13.136790581457394 
    1.0 0.0264 415.88889 532.11108    1.0 18 58 42.282 -08 14 31.241   -1.0   18.0 1.005e-09  3.407 302733564.37033856 302734064.37033856    0.0077 90501333002  34-1934 110.77775832934903 284.645417 -8.237472 1.5965798175289013e-05 33.711295609354465 
    3.0  0.052 423.39999     522.0    1.0 18 58 41.039 -08 14 56.098   -1.0   16.0 9.467e-12   3.62 302738064.37033856 302738564.37033856     0.014 90501333002  34-1934 100.00004318616556 284.645417 -8.237472 4.0419174649442367e-07   42.5506528494119 
    5.0 0.0289 505.55554     534.0    1.0 18 58 27.435 -08 14 26.613   -1.0   16.0 2.392e-09  3.499 302767564.37033856 302768064.37033856    0.0082 90501333002  34-1934 111.46315925011578 284.645417 -8.237472 0.00018936701566511847 51.478879147982006 
    6.0  0.033     469.0 497.39999    1.0 18 58 33.488 -08 15 56.578   -1.0   16.0 3.238e-11   3.78 302767564.37033856 302768064.37033856    0.0087 90501333002  34-1934 103.84284968847585 284.645417 -8.237472 1.6279813050652213e-06  61.27167353394703 
    8.0 0.0288     433.0     507.0    1.0 18 58 39.449 -08 15 32.973   -1.0   16.0 2.594e-09  3.495 302767564.37033856 302768064.37033856    0.0082 90501333002  34-1934 103.22682231395737 284.645417 -8.237472  9.418346027420425e-08  42.70925998501483 
   10.0 0.0248 421.72726 548.72729    1.0 18 58 41.315 -08 13 50.399   -1.0   16.0 1.911e-09  3.313 302727314.37033856 302727814.37033856    0.0075 90501333002  34-1934  98.30509080067243 284.645417 -8.237472  2.678847155443048e-07 40.806436441260644 
    3.0 0.0192 475.60001 491.60001    1.0 19 30 04.346 +18 18 57.680   -1.0   21.0 3.053e-11   3.03 258868254.11957467 258868754.11957467    0.0063 90401306004   34-159  121.6184589174744 292.482971 18.310636 1.1518990741175662e-06  18.41434417853705 
    8.0  0.031 409.08334 478.83334    1.0 10 31 36.055 -42 06 10.668   -1.0   26.0 1.865e-14  3.462 265162116.34824762 265162616.34824762    0.0089 60468002002  159-559   209.701091322231  157.84633 -42.06061  0.0002913030692571581 11.999683539278907 
   17.0 0.0495 327.52631  521.6842    1.0 18 03 20.353 -14 52 28.571   -1.0   18.0  1.11e-16  4.761 199799346.35401693 199799846.35401693      0.01 60160680002  34-1934 500.96862393423936    270.697   -14.915  0.0008722385497380138  36.22065667972284 
   27.0 0.0525 340.60001 562.29999    1.0 18 03 18.132 -14 50 48.750   -1.0   18.0  1.11e-16  4.877 199800346.35401693 199800846.35401693     0.011 60160680002  34-1934 510.05546211433546    270.697   -14.915 0.00014080612250750294  35.86299157189309 
   44.0 0.0293 350.89999 563.59998    1.0 18 03 16.386 -14 50 45.567   -1.0   16.0 6.243e-10  3.553 199810846.35401693 199811346.35401693    0.0082 60160680002  34-1934 489.62105302488396    270.697   -14.915 0.00016506058595542271 29.905970357400022 
   51.0 0.0747 292.69049 474.42856    1.0 18 03 26.264 -14 54 24.678   -1.0   18.0       0.0  5.907 199811846.35401693 199812346.35401693     0.013 60160680002  34-1934  565.8042327404168    270.697   -14.915  0.0007176590318561679  52.08664126896794 
   69.0 0.0367   341.375  561.8125    1.0 18 03 18.001 -14 50 49.949   -1.0   18.0 1.284e-12  4.003 199800096.35401693 199800596.35401693    0.0092 60160680002  34-1934   507.813516223389    270.697   -14.915  0.0006178619385800407               30.0 
   71.0 0.0507 287.44446 471.72223    1.0 18 03 27.154 -14 54 31.322   -1.0   18.0       0.0  4.794 199817096.35401693 199817596.35401693     0.011 60160680002  34-1934  578.3869385741841    270.697   -14.915  0.0004405180439958499  36.77133181644568 
